1.08906	-30.26	0
1.08906	-29.74	0
1.08906	-29.22	0
1.08906	-28.7	0
1.08906	-28.18	0
1.08906	-27.66	0
1.08906	-27.14	0
1.08906	-26.62	0
1.08906	-26.1	0
1.08906	-25.58	0
1.08906	-25.06	0
1.08906	-24.54	0
1.08906	-24.02	0
1.08906	-23.5	0
1.08906	-22.98	0
1.08906	-22.46	0
1.08906	-21.94	0
1.08906	-21.42	0
1.08906	-20.9	0
1.08906	-20.38	0
1.08906	-19.86	0
1.08906	-19.34	0
1.08906	-18.82	0
1.08906	-18.3	0
1.08906	-17.78	0
1.08906	-17.26	0
1.08906	-16.74	0
1.08906	-16.22	0
1.08906	-15.7	0
1.08906	-15.18	0
1.08906	-14.66	0
1.08906	-14.14	0
1.08906	-13.62	0
1.08906	-13.1	0
1.08906	-12.58	0
1.08906	-12.06	0
1.08906	-11.54	0
1.08906	-11.02	0
1.08906	-10.5	0
1.08906	-9.98	0
1.08906	-9.46	0
1.08906	-8.94	0
1.08906	-8.42	0
1.08906	-7.9	0
1.08906	-7.38	0
1.08906	-6.86	0
1.08906	-6.34	0
1.08906	-5.82	0
1.08906	-5.3	0
1.08906	-4.78	0
1.08906	-4.26	1.98113e-05
1.08906	-3.74	0
1.08906	-3.22	1.98113e-05
1.08906	-2.7	1.98113e-05
1.08906	-2.18	3.96226e-05
1.08906	-1.66	5.94338e-05
1.08906	-1.14	9.90564e-05
1.08906	-0.62	0.00015849
1.08906	-0.1	0.00015849
1.08906	0.42	0.000217924
1.08906	0.94	0.00015849
1.08906	1.46	0.00015849
1.08906	1.98	0.000178301
1.08906	2.5	0.00031698
1.08906	3.02	0.000277358
1.08906	3.54	0.000297169
1.08906	4.06	0.000277358
1.08906	4.58	0.000336792
1.08906	5.1	0.000277358
1.08906	5.62	0.000277358
1.08906	6.14	0.000198113
1.08906	6.66	0.000376414
1.08906	7.18	0.000297169
1.08906	7.7	0.000217924
1.08906	8.22	0.000277358
1.08906	8.74	0.000138679
1.08906	9.26	0.000178301
1.08906	9.78	0.000138679
1.08906	10.3	0.000138679
1.08906	10.82	0.000138679
1.08906	11.34	0.000198113
1.08906	11.86	0.000297169
1.08906	12.38	0.000118868
1.08906	12.9	9.90564e-05
1.08906	13.42	0.000178301
1.08906	13.94	0.00015849
1.08906	14.46	0.000138679
1.08906	14.98	0.000138679
1.08906	15.5	0.000118868
1.08906	16.02	7.92451e-05
1.08906	16.54	0.000178301
1.08906	17.06	0.00015849
1.08906	17.58	5.94338e-05
1.08906	18.1	7.92451e-05
1.08906	18.62	0.000118868
1.08906	19.14	0.000138679
1.08906	19.66	1.98113e-05
1.08906	20.18	0.000138679
1.08906	20.7	0.000198113
1.08906	21.22	9.90564e-05
1.08906	21.74	7.92451e-05
1.08906	22.26	9.90564e-05
1.08906	22.78	7.92451e-05
1.08906	23.3	9.90564e-05
1.08906	23.82	1.98113e-05
1.08906	24.34	5.94338e-05
1.08906	24.86	3.96226e-05
1.08906	25.38	5.94338e-05
1.08906	25.9	7.92451e-05
1.08906	26.42	3.96226e-05
1.08906	26.94	5.94338e-05
1.08906	27.46	3.96226e-05
1.08906	27.98	0
1.08906	28.5	1.98113e-05
1.08906	29.02	1.98113e-05
1.08906	29.54	0
1.08906	30.06	3.96226e-05
1.08906	30.58	1.98113e-05
1.08906	31.1	1.98113e-05
1.08906	31.62	1.98113e-05
1.08906	32.14	1.98113e-05
1.08906	32.66	0
1.08906	33.18	3.96226e-05
1.08906	33.7	0
1.08906	34.22	3.96226e-05
1.08906	34.74	1.98113e-05
1.08906	35.26	0
1.08906	35.78	3.96226e-05
1.08906	36.3	1.98113e-05
1.08906	36.82	5.94338e-05
1.08906	37.34	0
1.08906	37.86	1.98113e-05
1.08906	38.38	0
1.08906	38.9	0
1.08906	39.42	1.98113e-05
1.08906	39.94	0
1.08906	40.46	0
1.08906	40.98	0
1.08906	41.5	3.96226e-05
1.08906	42.02	0
1.08906	42.54	0
1.08906	43.06	1.98113e-05
1.08906	43.58	3.96226e-05
1.08906	44.1	1.98113e-05
1.08906	44.62	1.98113e-05
1.08906	45.14	0
1.08906	45.66	1.98113e-05
1.08906	46.18	0
1.08906	46.7	1.98113e-05
1.08906	47.22	0
1.08906	47.74	0
1.08906	48.26	0
1.08906	48.78	0
1.08906	49.3	0
1.08906	49.82	0
1.08906	50.34	0
1.08906	50.86	0
1.08906	51.38	0
1.08906	51.9	0
1.08906	52.42	0
1.08906	52.94	0
1.08906	53.46	0
1.08906	53.98	1.98113e-05
1.08906	54.5	0
1.08906	55.02	0
1.08906	55.54	0
1.08906	56.06	0
1.08906	56.58	0
1.08906	57.1	0
1.08906	57.62	0
1.08906	58.14	0
1.08906	58.66	0
1.08906	59.18	0
1.08906	59.7	0
1.08906	60.22	0
1.08906	60.74	0
1.08906	61.26	0
1.08906	61.78	0
1.08906	62.3	0
1.08906	62.82	0
1.08906	63.34	0
1.08906	63.86	0
1.08906	64.38	0
1.08906	64.9	0
1.08906	65.42	0
1.08906	65.94	0
1.08906	66.46	0
1.08906	66.98	0
1.08906	67.5	0
1.08906	68.02	0
1.08906	68.54	0
1.08906	69.06	0
1.08906	69.58	0
1.08906	70.1	0
1.08906	70.62	0
1.08906	71.14	0
1.08906	71.66	0
1.08906	72.18	0
1.08906	72.7	0
1.08906	73.22	0
1.08906	73.74	0
1.08906	74.26	0
1.08906	74.78	0
1.08906	75.3	0
1.08906	75.82	0
1.08906	76.34	0
1.08906	76.86	0
1.08906	77.38	0
1.08906	77.9	0
1.08906	78.42	0
1.08906	78.94	0
1.08906	79.46	0
1.08906	79.98	0
1.08906	80.5	0
1.08906	81.02	0
1.08906	81.54	0
1.08906	82.06	0
1.08906	82.58	0
1.08906	83.1	0
1.08906	83.62	0
1.08906	84.14	0
1.08906	84.66	0
1.08906	85.18	0
1.08906	85.7	0
1.08906	86.22	0
1.08906	86.74	0
1.08906	87.26	0
1.08906	87.78	0
1.08906	88.3	0
1.08906	88.82	0
1.08906	89.34	0
1.08906	89.86	0
1.08906	90.38	0
1.08906	90.9	0
1.08906	91.42	0
1.08906	91.94	0
1.08906	92.46	0
1.08906	92.98	0
1.08906	93.5	0
1.08906	94.02	0
1.08906	94.54	0
1.08906	95.06	0
1.08906	95.58	0
1.08906	96.1	0
1.08906	96.62	0
1.08906	97.14	0
1.08906	97.66	0
1.08906	98.18	0
1.08906	98.7	0
1.08906	99.22	0
1.06797	-30.26	0
1.06797	-29.74	0
1.06797	-29.22	0
1.06797	-28.7	0
1.06797	-28.18	0
1.06797	-27.66	0
1.06797	-27.14	0
1.06797	-26.62	0
1.06797	-26.1	0
1.06797	-25.58	0
1.06797	-25.06	0
1.06797	-24.54	0
1.06797	-24.02	0
1.06797	-23.5	0
1.06797	-22.98	0
1.06797	-22.46	0
1.06797	-21.94	0
1.06797	-21.42	0
1.06797	-20.9	0
1.06797	-20.38	0
1.06797	-19.86	0
1.06797	-19.34	0
1.06797	-18.82	0
1.06797	-18.3	0
1.06797	-17.78	0
1.06797	-17.26	0
1.06797	-16.74	0
1.06797	-16.22	0
1.06797	-15.7	0
1.06797	-15.18	0
1.06797	-14.66	0
1.06797	-14.14	0
1.06797	-13.62	0
1.06797	-13.1	0
1.06797	-12.58	0
1.06797	-12.06	0
1.06797	-11.54	0
1.06797	-11.02	0
1.06797	-10.5	0
1.06797	-9.98	0
1.06797	-9.46	0
1.06797	-8.94	0
1.06797	-8.42	0
1.06797	-7.9	0
1.06797	-7.38	0
1.06797	-6.86	0
1.06797	-6.34	0
1.06797	-5.82	0
1.06797	-5.3	1.33081e-05
1.06797	-4.78	0
1.06797	-4.26	1.33081e-05
1.06797	-3.74	1.33081e-05
1.06797	-3.22	1.33081e-05
1.06797	-2.7	6.65406e-05
1.06797	-2.18	9.31569e-05
1.06797	-1.66	7.98487e-05
1.06797	-1.14	0.000106465
1.06797	-0.62	0.000186314
1.06797	-0.1	0.000173006
1.06797	0.42	0.000292779
1.06797	0.94	0.000292779
1.06797	1.46	0.000306087
1.06797	1.98	0.00042586
1.06797	2.5	0.00042586
1.06797	3.02	0.000372627
1.06797	3.54	0.000372627
1.06797	4.06	0.00042586
1.06797	4.58	0.000452476
1.06797	5.1	0.000346011
1.06797	5.62	0.000412552
1.06797	6.14	0.000306087
1.06797	6.66	0.000385936
1.06797	7.18	0.000385936
1.06797	7.7	0.000452476
1.06797	8.22	0.000252854
1.06797	8.74	0.000319395
1.06797	9.26	0.000319395
1.06797	9.78	0.000292779
1.06797	10.3	0.000159697
1.06797	10.82	0.000239546
1.06797	11.34	0.000186314
1.06797	11.86	0.000173006
1.06797	12.38	0.00021293
1.06797	12.9	0.000173006
1.06797	13.42	0.000173006
1.06797	13.94	0.000133081
1.06797	14.46	0.000159697
1.06797	14.98	0.000119773
1.06797	15.5	0.000226238
1.06797	16.02	0.000173006
1.06797	16.54	0.000119773
1.06797	17.06	0.000119773
1.06797	17.58	9.31569e-05
1.06797	18.1	0.000173006
1.06797	18.62	0.00021293
1.06797	19.14	0.000133081
1.06797	19.66	0.000133081
1.06797	20.18	0.000159697
1.06797	20.7	7.98487e-05
1.06797	21.22	9.31569e-05
1.06797	21.74	7.98487e-05
1.06797	22.26	6.65406e-05
1.06797	22.78	9.31569e-05
1.06797	23.3	3.99244e-05
1.06797	23.82	1.33081e-05
1.06797	24.34	6.65406e-05
1.06797	24.86	0.000106465
1.06797	25.38	7.98487e-05
1.06797	25.9	0
1.06797	26.42	6.65406e-05
1.06797	26.94	5.32325e-05
1.06797	27.46	6.65406e-05
1.06797	27.98	5.32325e-05
1.06797	28.5	1.33081e-05
1.06797	29.02	2.66162e-05
1.06797	29.54	5.32325e-05
1.06797	30.06	0
1.06797	30.58	3.99244e-05
1.06797	31.1	7.98487e-05
1.06797	31.62	1.33081e-05
1.06797	32.14	1.33081e-05
1.06797	32.66	1.33081e-05
1.06797	33.18	2.66162e-05
1.06797	33.7	2.66162e-05
1.06797	34.22	2.66162e-05
1.06797	34.74	5.32325e-05
1.06797	35.26	1.33081e-05
1.06797	35.78	1.33081e-05
1.06797	36.3	0
1.06797	36.82	0
1.06797	37.34	2.66162e-05
1.06797	37.86	0
1.06797	38.38	0
1.06797	38.9	0
1.06797	39.42	1.33081e-05
1.06797	39.94	1.33081e-05
1.06797	40.46	1.33081e-05
1.06797	40.98	2.66162e-05
1.06797	41.5	0
1.06797	42.02	1.33081e-05
1.06797	42.54	0
1.06797	43.06	0
1.06797	43.58	0
1.06797	44.1	0
1.06797	44.62	1.33081e-05
1.06797	45.14	0
1.06797	45.66	1.33081e-05
1.06797	46.18	0
1.06797	46.7	0
1.06797	47.22	0
1.06797	47.74	0
1.06797	48.26	0
1.06797	48.78	0
1.06797	49.3	0
1.06797	49.82	0
1.06797	50.34	0
1.06797	50.86	0
1.06797	51.38	0
1.06797	51.9	0
1.06797	52.42	0
1.06797	52.94	0
1.06797	53.46	0
1.06797	53.98	0
1.06797	54.5	0
1.06797	55.02	0
1.06797	55.54	0
1.06797	56.06	0
1.06797	56.58	0
1.06797	57.1	0
1.06797	57.62	0
1.06797	58.14	0
1.06797	58.66	0
1.06797	59.18	0
1.06797	59.7	0
1.06797	60.22	0
1.06797	60.74	0
1.06797	61.26	0
1.06797	61.78	0
1.06797	62.3	0
1.06797	62.82	0
1.06797	63.34	0
1.06797	63.86	0
1.06797	64.38	0
1.06797	64.9	0
1.06797	65.42	0
1.06797	65.94	0
1.06797	66.46	0
1.06797	66.98	0
1.06797	67.5	0
1.06797	68.02	0
1.06797	68.54	0
1.06797	69.06	0
1.06797	69.58	0
1.06797	70.1	0
1.06797	70.62	0
1.06797	71.14	0
1.06797	71.66	0
1.06797	72.18	0
1.06797	72.7	0
1.06797	73.22	0
1.06797	73.74	0
1.06797	74.26	0
1.06797	74.78	0
1.06797	75.3	0
1.06797	75.82	0
1.06797	76.34	0
1.06797	76.86	0
1.06797	77.38	0
1.06797	77.9	0
1.06797	78.42	0
1.06797	78.94	0
1.06797	79.46	0
1.06797	79.98	0
1.06797	80.5	0
1.06797	81.02	0
1.06797	81.54	0
1.06797	82.06	0
1.06797	82.58	0
1.06797	83.1	0
1.06797	83.62	0
1.06797	84.14	0
1.06797	84.66	0
1.06797	85.18	0
1.06797	85.7	0
1.06797	86.22	0
1.06797	86.74	0
1.06797	87.26	0
1.06797	87.78	0
1.06797	88.3	0
1.06797	88.82	0
1.06797	89.34	0
1.06797	89.86	0
1.06797	90.38	0
1.06797	90.9	0
1.06797	91.42	0
1.06797	91.94	0
1.06797	92.46	0
1.06797	92.98	0
1.06797	93.5	0
1.06797	94.02	0
1.06797	94.54	0
1.06797	95.06	0
1.06797	95.58	0
1.06797	96.1	0
1.06797	96.62	0
1.06797	97.14	0
1.06797	97.66	0
1.06797	98.18	0
1.06797	98.7	0
1.06797	99.22	0
1.05156	-30.26	0
1.05156	-29.74	0
1.05156	-29.22	0
1.05156	-28.7	0
1.05156	-28.18	0
1.05156	-27.66	0
1.05156	-27.14	0
1.05156	-26.62	0
1.05156	-26.1	0
1.05156	-25.58	0
1.05156	-25.06	0
1.05156	-24.54	0
1.05156	-24.02	0
1.05156	-23.5	0
1.05156	-22.98	0
1.05156	-22.46	0
1.05156	-21.94	0
1.05156	-21.42	0
1.05156	-20.9	0
1.05156	-20.38	0
1.05156	-19.86	0
1.05156	-19.34	0
1.05156	-18.82	0
1.05156	-18.3	0
1.05156	-17.78	0
1.05156	-17.26	0
1.05156	-16.74	0
1.05156	-16.22	0
1.05156	-15.7	0
1.05156	-15.18	0
1.05156	-14.66	0
1.05156	-14.14	0
1.05156	-13.62	0
1.05156	-13.1	0
1.05156	-12.58	0
1.05156	-12.06	0
1.05156	-11.54	0
1.05156	-11.02	0
1.05156	-10.5	0
1.05156	-9.98	0
1.05156	-9.46	0
1.05156	-8.94	0
1.05156	-8.42	0
1.05156	-7.9	0
1.05156	-7.38	0
1.05156	-6.86	8.20195e-06
1.05156	-6.34	0
1.05156	-5.82	0
1.05156	-5.3	0
1.05156	-4.78	0
1.05156	-4.26	0
1.05156	-3.74	0
1.05156	-3.22	1.64039e-05
1.05156	-2.7	4.92117e-05
1.05156	-2.18	7.38176e-05
1.05156	-1.66	6.56156e-05
1.05156	-1.14	0.000172241
1.05156	-0.62	0.000196847
1.05156	-0.1	0.000459309
1.05156	0.42	0.000467511
1.05156	0.94	0.00037729
1.05156	1.46	0.000524925
1.05156	1.98	0.000615146
1.05156	2.5	0.000688964
1.05156	3.02	0.000885811
1.05156	3.54	0.00116468
1.05156	4.06	0.00102524
1.05156	4.58	0.00110726
1.05156	5.1	0.00113187
1.05156	5.62	0.00100884
1.05156	6.14	0.00101704
1.05156	6.66	0.00109086
1.05156	7.18	0.000935023
1.05156	7.7	0.000779186
1.05156	8.22	0.000762782
1.05156	8.74	0.000647954
1.05156	9.26	0.000557733
1.05156	9.78	0.000787387
1.05156	10.3	0.00063155
1.05156	10.82	0.000385492
1.05156	11.34	0.00037729
1.05156	11.86	0.000459309
1.05156	12.38	0.000401896
1.05156	12.9	0.000287068
1.05156	13.42	0.000287068
1.05156	13.94	0.000319876
1.05156	14.46	0.000369088
1.05156	14.98	0.000188645
1.05156	15.5	0.000196847
1.05156	16.02	0.000180443
1.05156	16.54	0.000262463
1.05156	17.06	0.000213251
1.05156	17.58	0.000196847
1.05156	18.1	0.000196847
1.05156	18.62	0.000139433
1.05156	19.14	0.000213251
1.05156	19.66	0.000139433
1.05156	20.18	0.000180443
1.05156	20.7	0.000147635
1.05156	21.22	0.000106625
1.05156	21.74	0.000123029
1.05156	22.26	8.20195e-05
1.05156	22.78	5.74137e-05
1.05156	23.3	9.84234e-05
1.05156	23.82	8.20195e-05
1.05156	24.34	5.74137e-05
1.05156	24.86	5.74137e-05
1.05156	25.38	4.92117e-05
1.05156	25.9	4.10098e-05
1.05156	26.42	3.28078e-05
1.05156	26.94	4.92117e-05
1.05156	27.46	4.10098e-05
1.05156	27.98	4.92117e-05
1.05156	28.5	4.10098e-05
1.05156	29.02	0
1.05156	29.54	8.20195e-06
1.05156	30.06	3.28078e-05
1.05156	30.58	2.46059e-05
1.05156	31.1	0
1.05156	31.62	2.46059e-05
1.05156	32.14	2.46059e-05
1.05156	32.66	0
1.05156	33.18	2.46059e-05
1.05156	33.7	4.10098e-05
1.05156	34.22	1.64039e-05
1.05156	34.74	0
1.05156	35.26	2.46059e-05
1.05156	35.78	8.20195e-06
1.05156	36.3	0
1.05156	36.82	0
1.05156	37.34	8.20195e-06
1.05156	37.86	8.20195e-06
1.05156	38.38	8.20195e-06
1.05156	38.9	0
1.05156	39.42	8.20195e-06
1.05156	39.94	8.20195e-06
1.05156	40.46	8.20195e-06
1.05156	40.98	0
1.05156	41.5	0
1.05156	42.02	0
1.05156	42.54	0
1.05156	43.06	0
1.05156	43.58	8.20195e-06
1.05156	44.1	0
1.05156	44.62	0
1.05156	45.14	0
1.05156	45.66	1.64039e-05
1.05156	46.18	8.20195e-06
1.05156	46.7	0
1.05156	47.22	0
1.05156	47.74	0
1.05156	48.26	0
1.05156	48.78	8.20195e-06
1.05156	49.3	0
1.05156	49.82	0
1.05156	50.34	8.20195e-06
1.05156	50.86	0
1.05156	51.38	0
1.05156	51.9	0
1.05156	52.42	0
1.05156	52.94	0
1.05156	53.46	0
1.05156	53.98	0
1.05156	54.5	0
1.05156	55.02	0
1.05156	55.54	0
1.05156	56.06	0
1.05156	56.58	0
1.05156	57.1	0
1.05156	57.62	0
1.05156	58.14	0
1.05156	58.66	0
1.05156	59.18	0
1.05156	59.7	0
1.05156	60.22	0
1.05156	60.74	0
1.05156	61.26	0
1.05156	61.78	0
1.05156	62.3	0
1.05156	62.82	0
1.05156	63.34	0
1.05156	63.86	0
1.05156	64.38	0
1.05156	64.9	0
1.05156	65.42	0
1.05156	65.94	0
1.05156	66.46	0
1.05156	66.98	0
1.05156	67.5	0
1.05156	68.02	0
1.05156	68.54	0
1.05156	69.06	0
1.05156	69.58	0
1.05156	70.1	0
1.05156	70.62	0
1.05156	71.14	0
1.05156	71.66	0
1.05156	72.18	0
1.05156	72.7	0
1.05156	73.22	0
1.05156	73.74	0
1.05156	74.26	0
1.05156	74.78	0
1.05156	75.3	0
1.05156	75.82	0
1.05156	76.34	0
1.05156	76.86	0
1.05156	77.38	0
1.05156	77.9	0
1.05156	78.42	0
1.05156	78.94	0
1.05156	79.46	0
1.05156	79.98	0
1.05156	80.5	0
1.05156	81.02	0
1.05156	81.54	0
1.05156	82.06	0
1.05156	82.58	0
1.05156	83.1	0
1.05156	83.62	0
1.05156	84.14	0
1.05156	84.66	0
1.05156	85.18	0
1.05156	85.7	0
1.05156	86.22	0
1.05156	86.74	0
1.05156	87.26	0
1.05156	87.78	0
1.05156	88.3	0
1.05156	88.82	0
1.05156	89.34	0
1.05156	89.86	0
1.05156	90.38	0
1.05156	90.9	0
1.05156	91.42	0
1.05156	91.94	0
1.05156	92.46	0
1.05156	92.98	0
1.05156	93.5	0
1.05156	94.02	0
1.05156	94.54	0
1.05156	95.06	0
1.05156	95.58	0
1.05156	96.1	0
1.05156	96.62	0
1.05156	97.14	0
1.05156	97.66	0
1.05156	98.18	0
1.05156	98.7	0
1.05156	99.22	0
1.03515	-30.26	0
1.03515	-29.74	0
1.03515	-29.22	0
1.03515	-28.7	0
1.03515	-28.18	0
1.03515	-27.66	0
1.03515	-27.14	0
1.03515	-26.62	0
1.03515	-26.1	0
1.03515	-25.58	0
1.03515	-25.06	0
1.03515	-24.54	0
1.03515	-24.02	0
1.03515	-23.5	0
1.03515	-22.98	0
1.03515	-22.46	0
1.03515	-21.94	0
1.03515	-21.42	0
1.03515	-20.9	0
1.03515	-20.38	0
1.03515	-19.86	0
1.03515	-19.34	0
1.03515	-18.82	0
1.03515	-18.3	0
1.03515	-17.78	0
1.03515	-17.26	0
1.03515	-16.74	0
1.03515	-16.22	0
1.03515	-15.7	0
1.03515	-15.18	0
1.03515	-14.66	0
1.03515	-14.14	0
1.03515	-13.62	0
1.03515	-13.1	0
1.03515	-12.58	0
1.03515	-12.06	0
1.03515	-11.54	0
1.03515	-11.02	0
1.03515	-10.5	0
1.03515	-9.98	0
1.03515	-9.46	0
1.03515	-8.94	0
1.03515	-8.42	0
1.03515	-7.9	0
1.03515	-7.38	0
1.03515	-6.86	0
1.03515	-6.34	0
1.03515	-5.82	0
1.03515	-5.3	0
1.03515	-4.78	0
1.03515	-4.26	0
1.03515	-3.74	0
1.03515	-3.22	0
1.03515	-2.7	4.48307e-06
1.03515	-2.18	1.34492e-05
1.03515	-1.66	5.37968e-05
1.03515	-1.14	0.000134492
1.03515	-0.62	0.000197255
1.03515	-0.1	0.00027795
1.03515	0.42	0.000439341
1.03515	0.94	0.000587282
1.03515	1.46	0.000717291
1.03515	1.98	0.000990759
1.03515	2.5	0.00103111
1.03515	3.02	0.00130009
1.03515	3.54	0.00135837
1.03515	4.06	0.00156459
1.03515	4.58	0.00156459
1.03515	5.1	0.0017753
1.03515	5.62	0.00163184
1.03515	6.14	0.00174391
1.03515	6.66	0.00147493
1.03515	7.18	0.00152424
1.03515	7.7	0.00129561
1.03515	8.22	0.00120146
1.03515	8.74	0.00100421
1.03515	9.26	0.000999725
1.03515	9.78	0.000901097
1.03515	10.3	0.000883165
1.03515	10.82	0.000856267
1.03515	11.34	0.00068591
1.03515	11.86	0.000735224
1.03515	12.38	0.000493138
1.03515	12.9	0.000506587
1.03515	13.42	0.000479689
1.03515	13.94	0.000354163
1.03515	14.46	0.000354163
1.03515	14.98	0.000322781
1.03515	15.5	0.000390027
1.03515	16.02	0.000295883
1.03515	16.54	0.000246569
1.03515	17.06	0.000255535
1.03515	17.58	0.0002914
1.03515	18.1	0.000268984
1.03515	18.62	0.000282433
1.03515	19.14	0.000224154
1.03515	19.66	0.000224154
1.03515	20.18	0.00023312
1.03515	20.7	0.000192772
1.03515	21.22	0.000170357
1.03515	21.74	0.000165874
1.03515	22.26	0.000112077
1.03515	22.78	8.51783e-05
1.03515	23.3	8.51783e-05
1.03515	23.82	9.86276e-05
1.03515	24.34	7.62122e-05
1.03515	24.86	4.03476e-05
1.03515	25.38	5.37968e-05
1.03515	25.9	6.72461e-05
1.03515	26.42	6.2763e-05
1.03515	26.94	0.000103111
1.03515	27.46	4.93138e-05
1.03515	27.98	5.37968e-05
1.03515	28.5	4.03476e-05
1.03515	29.02	3.13815e-05
1.03515	29.54	1.79323e-05
1.03515	30.06	1.79323e-05
1.03515	30.58	3.13815e-05
1.03515	31.1	3.13815e-05
1.03515	31.62	2.68984e-05
1.03515	32.14	2.24154e-05
1.03515	32.66	3.13815e-05
1.03515	33.18	1.79323e-05
1.03515	33.7	3.58646e-05
1.03515	34.22	1.34492e-05
1.03515	34.74	1.79323e-05
1.03515	35.26	8.96614e-06
1.03515	35.78	8.96614e-06
1.03515	36.3	4.48307e-06
1.03515	36.82	8.96614e-06
1.03515	37.34	1.79323e-05
1.03515	37.86	8.96614e-06
1.03515	38.38	1.34492e-05
1.03515	38.9	8.96614e-06
1.03515	39.42	8.96614e-06
1.03515	39.94	8.96614e-06
1.03515	40.46	4.48307e-06
1.03515	40.98	1.34492e-05
1.03515	41.5	4.48307e-06
1.03515	42.02	4.48307e-06
1.03515	42.54	0
1.03515	43.06	0
1.03515	43.58	0
1.03515	44.1	4.48307e-06
1.03515	44.62	0
1.03515	45.14	0
1.03515	45.66	0
1.03515	46.18	0
1.03515	46.7	4.48307e-06
1.03515	47.22	0
1.03515	47.74	0
1.03515	48.26	0
1.03515	48.78	4.48307e-06
1.03515	49.3	4.48307e-06
1.03515	49.82	0
1.03515	50.34	0
1.03515	50.86	0
1.03515	51.38	0
1.03515	51.9	0
1.03515	52.42	0
1.03515	52.94	4.48307e-06
1.03515	53.46	0
1.03515	53.98	0
1.03515	54.5	0
1.03515	55.02	0
1.03515	55.54	0
1.03515	56.06	0
1.03515	56.58	0
1.03515	57.1	0
1.03515	57.62	0
1.03515	58.14	0
1.03515	58.66	0
1.03515	59.18	0
1.03515	59.7	0
1.03515	60.22	0
1.03515	60.74	0
1.03515	61.26	0
1.03515	61.78	0
1.03515	62.3	0
1.03515	62.82	0
1.03515	63.34	0
1.03515	63.86	0
1.03515	64.38	0
1.03515	64.9	0
1.03515	65.42	0
1.03515	65.94	0
1.03515	66.46	0
1.03515	66.98	0
1.03515	67.5	0
1.03515	68.02	0
1.03515	68.54	0
1.03515	69.06	0
1.03515	69.58	0
1.03515	70.1	0
1.03515	70.62	0
1.03515	71.14	0
1.03515	71.66	0
1.03515	72.18	0
1.03515	72.7	0
1.03515	73.22	0
1.03515	73.74	0
1.03515	74.26	0
1.03515	74.78	0
1.03515	75.3	0
1.03515	75.82	0
1.03515	76.34	0
1.03515	76.86	0
1.03515	77.38	0
1.03515	77.9	0
1.03515	78.42	0
1.03515	78.94	0
1.03515	79.46	0
1.03515	79.98	0
1.03515	80.5	0
1.03515	81.02	0
1.03515	81.54	0
1.03515	82.06	0
1.03515	82.58	0
1.03515	83.1	0
1.03515	83.62	0
1.03515	84.14	0
1.03515	84.66	0
1.03515	85.18	0
1.03515	85.7	0
1.03515	86.22	0
1.03515	86.74	0
1.03515	87.26	0
1.03515	87.78	0
1.03515	88.3	0
1.03515	88.82	0
1.03515	89.34	0
1.03515	89.86	0
1.03515	90.38	0
1.03515	90.9	0
1.03515	91.42	0
1.03515	91.94	0
1.03515	92.46	0
1.03515	92.98	0
1.03515	93.5	0
1.03515	94.02	0
1.03515	94.54	0
1.03515	95.06	0
1.03515	95.58	0
1.03515	96.1	0
1.03515	96.62	0
1.03515	97.14	0
1.03515	97.66	0
1.03515	98.18	0
1.03515	98.7	0
1.03515	99.22	0
1.01874	-30.26	0
1.01874	-29.74	0
1.01874	-29.22	0
1.01874	-28.7	0
1.01874	-28.18	0
1.01874	-27.66	0
1.01874	-27.14	0
1.01874	-26.62	0
1.01874	-26.1	0
1.01874	-25.58	0
1.01874	-25.06	0
1.01874	-24.54	0
1.01874	-24.02	0
1.01874	-23.5	0
1.01874	-22.98	0
1.01874	-22.46	0
1.01874	-21.94	0
1.01874	-21.42	0
1.01874	-20.9	0
1.01874	-20.38	0
1.01874	-19.86	0
1.01874	-19.34	0
1.01874	-18.82	0
1.01874	-18.3	0
1.01874	-17.78	0
1.01874	-17.26	0
1.01874	-16.74	0
1.01874	-16.22	0
1.01874	-15.7	0
1.01874	-15.18	0
1.01874	-14.66	0
1.01874	-14.14	0
1.01874	-13.62	0
1.01874	-13.1	0
1.01874	-12.58	0
1.01874	-12.06	0
1.01874	-11.54	0
1.01874	-11.02	0
1.01874	-10.5	0
1.01874	-9.98	0
1.01874	-9.46	0
1.01874	-8.94	0
1.01874	-8.42	0
1.01874	-7.9	0
1.01874	-7.38	0
1.01874	-6.86	0
1.01874	-6.34	0
1.01874	-5.82	0
1.01874	-5.3	0
1.01874	-4.78	3.20868e-05
1.01874	-4.26	0
1.01874	-3.74	0
1.01874	-3.22	0
1.01874	-2.7	3.20868e-05
1.01874	-2.18	3.20868e-05
1.01874	-1.66	9.62604e-05
1.01874	-1.14	0.000320868
1.01874	-0.62	0.000513389
1.01874	-0.1	0.000705909
1.01874	0.42	0.00115512
1.01874	0.94	0.000866343
1.01874	1.46	0.00189312
1.01874	1.98	0.00157225
1.01874	2.5	0.00202147
1.01874	3.02	0.0026632
1.01874	3.54	0.0026632
1.01874	4.06	0.00208564
1.01874	4.58	0.00259903
1.01874	5.1	0.00285572
1.01874	5.62	0.00227816
1.01874	6.14	0.00275946
1.01874	6.66	0.00234234
1.01874	7.18	0.00205355
1.01874	7.7	0.00182895
1.01874	8.22	0.00160434
1.01874	8.74	0.00128347
1.01874	9.26	0.0012193
1.01874	9.78	0.00160434
1.01874	10.3	0.00115512
1.01874	10.82	0.00080217
1.01874	11.34	0.00134764
1.01874	11.86	0.000834256
1.01874	12.38	0.000834256
1.01874	12.9	0.000513389
1.01874	13.42	0.00080217
1.01874	13.94	0.000513389
1.01874	14.46	0.000513389
1.01874	14.98	0.000513389
1.01874	15.5	0.000577562
1.01874	16.02	0.000545475
1.01874	16.54	0.000385041
1.01874	17.06	0.000256694
1.01874	17.58	0.000320868
1.01874	18.1	0.000352955
1.01874	18.62	0.000192521
1.01874	19.14	0.000192521
1.01874	19.66	0.000192521
1.01874	20.18	0.000128347
1.01874	20.7	0.000128347
1.01874	21.22	0.000192521
1.01874	21.74	6.41736e-05
1.01874	22.26	0.000224608
1.01874	22.78	0.000256694
1.01874	23.3	9.62604e-05
1.01874	23.82	9.62604e-05
1.01874	24.34	9.62604e-05
1.01874	24.86	6.41736e-05
1.01874	25.38	9.62604e-05
1.01874	25.9	0.000128347
1.01874	26.42	9.62604e-05
1.01874	26.94	9.62604e-05
1.01874	27.46	3.20868e-05
1.01874	27.98	0
1.01874	28.5	3.20868e-05
1.01874	29.02	0
1.01874	29.54	6.41736e-05
1.01874	30.06	0
1.01874	30.58	9.62604e-05
1.01874	31.1	0
1.01874	31.62	3.20868e-05
1.01874	32.14	0
1.01874	32.66	3.20868e-05
1.01874	33.18	3.20868e-05
1.01874	33.7	3.20868e-05
1.01874	34.22	3.20868e-05
1.01874	34.74	0.000128347
1.01874	35.26	6.41736e-05
1.01874	35.78	6.41736e-05
1.01874	36.3	0
1.01874	36.82	3.20868e-05
1.01874	37.34	3.20868e-05
1.01874	37.86	0
1.01874	38.38	6.41736e-05
1.01874	38.9	3.20868e-05
1.01874	39.42	6.41736e-05
1.01874	39.94	0
1.01874	40.46	0
1.01874	40.98	0
1.01874	41.5	0
1.01874	42.02	3.20868e-05
1.01874	42.54	0
1.01874	43.06	0
1.01874	43.58	0
1.01874	44.1	0
1.01874	44.62	0
1.01874	45.14	0
1.01874	45.66	0
1.01874	46.18	0
1.01874	46.7	0
1.01874	47.22	0
1.01874	47.74	3.20868e-05
1.01874	48.26	0
1.01874	48.78	0
1.01874	49.3	0
1.01874	49.82	0
1.01874	50.34	3.20868e-05
1.01874	50.86	0
1.01874	51.38	0
1.01874	51.9	0
1.01874	52.42	0
1.01874	52.94	0
1.01874	53.46	0
1.01874	53.98	0
1.01874	54.5	0
1.01874	55.02	0
1.01874	55.54	0
1.01874	56.06	0
1.01874	56.58	0
1.01874	57.1	0
1.01874	57.62	0
1.01874	58.14	0
1.01874	58.66	0
1.01874	59.18	0
1.01874	59.7	0
1.01874	60.22	0
1.01874	60.74	0
1.01874	61.26	0
1.01874	61.78	0
1.01874	62.3	0
1.01874	62.82	0
1.01874	63.34	0
1.01874	63.86	0
1.01874	64.38	0
1.01874	64.9	0
1.01874	65.42	0
1.01874	65.94	0
1.01874	66.46	0
1.01874	66.98	0
1.01874	67.5	0
1.01874	68.02	0
1.01874	68.54	0
1.01874	69.06	0
1.01874	69.58	0
1.01874	70.1	0
1.01874	70.62	0
1.01874	71.14	0
1.01874	71.66	0
1.01874	72.18	0
1.01874	72.7	0
1.01874	73.22	0
1.01874	73.74	0
1.01874	74.26	0
1.01874	74.78	0
1.01874	75.3	0
1.01874	75.82	0
1.01874	76.34	0
1.01874	76.86	0
1.01874	77.38	0
1.01874	77.9	0
1.01874	78.42	0
1.01874	78.94	0
1.01874	79.46	0
1.01874	79.98	0
1.01874	80.5	0
1.01874	81.02	0
1.01874	81.54	0
1.01874	82.06	0
1.01874	82.58	0
1.01874	83.1	0
1.01874	83.62	0
1.01874	84.14	0
1.01874	84.66	0
1.01874	85.18	0
1.01874	85.7	0
1.01874	86.22	0
1.01874	86.74	0
1.01874	87.26	0
1.01874	87.78	0
1.01874	88.3	0
1.01874	88.82	0
1.01874	89.34	0
1.01874	89.86	0
1.01874	90.38	0
1.01874	90.9	0
1.01874	91.42	0
1.01874	91.94	0
1.01874	92.46	0
1.01874	92.98	0
1.01874	93.5	0
1.01874	94.02	0
1.01874	94.54	0
1.01874	95.06	0
1.01874	95.58	0
1.01874	96.1	0
1.01874	96.62	0
1.01874	97.14	0
1.01874	97.66	0
1.01874	98.18	0
1.01874	98.7	0
1.01874	99.22	0
0.988256	-30.26	0
0.988256	-29.74	0
0.988256	-29.22	0
0.988256	-28.7	0
0.988256	-28.18	0
0.988256	-27.66	0
0.988256	-27.14	0
0.988256	-26.62	0
0.988256	-26.1	0
0.988256	-25.58	0
0.988256	-25.06	0
0.988256	-24.54	0
0.988256	-24.02	0
0.988256	-23.5	0
0.988256	-22.98	0
0.988256	-22.46	0
0.988256	-21.94	0
0.988256	-21.42	0
0.988256	-20.9	0
0.988256	-20.38	0
0.988256	-19.86	0
0.988256	-19.34	0
0.988256	-18.82	0
0.988256	-18.3	0
0.988256	-17.78	0
0.988256	-17.26	0
0.988256	-16.74	0
0.988256	-16.22	0
0.988256	-15.7	0
0.988256	-15.18	0
0.988256	-14.66	0
0.988256	-14.14	0
0.988256	-13.62	0
0.988256	-13.1	0
0.988256	-12.58	0
0.988256	-12.06	0
0.988256	-11.54	0
0.988256	-11.02	0
0.988256	-10.5	0
0.988256	-9.98	0
0.988256	-9.46	0
0.988256	-8.94	0
0.988256	-8.42	0
0.988256	-7.9	0
0.988256	-7.38	0
0.988256	-6.86	0
0.988256	-6.34	0
0.988256	-5.82	0
0.988256	-5.3	0
0.988256	-4.78	0
0.988256	-4.26	0
0.988256	-3.74	8.84544e-06
0.988256	-3.22	0
0.988256	-2.7	0
0.988256	-2.18	8.84544e-06
0.988256	-1.66	5.30726e-05
0.988256	-1.14	0.000168063
0.988256	-0.62	0.000344972
0.988256	-0.1	0.000468808
0.988256	0.42	0.000760708
0.988256	0.94	0.00132682
0.988256	1.46	0.00174255
0.988256	1.98	0.00263594
0.988256	2.5	0.00264479
0.988256	3.02	0.00324628
0.988256	3.54	0.00352048
0.988256	4.06	0.00384777
0.988256	4.58	0.00337896
0.988256	5.1	0.00336127
0.988256	5.62	0.00326397
0.988256	6.14	0.00298091
0.988256	6.66	0.0024325
0.988256	7.18	0.00267132
0.988256	7.7	0.00221136
0.988256	8.22	0.00209637
0.988256	8.74	0.00190177
0.988256	9.26	0.00192831
0.988256	9.78	0.00135335
0.988256	10.3	0.00132682
0.988256	10.82	0.000804935
0.988256	11.34	0.000681099
0.988256	11.86	0.000831471
0.988256	12.38	0.000849162
0.988256	12.9	0.000566108
0.988256	13.42	0.000716481
0.988256	13.94	0.000557263
0.988256	14.46	0.000513035
0.988256	14.98	0.000344972
0.988256	15.5	0.000433426
0.988256	16.02	0.000283054
0.988256	16.54	0.000398045
0.988256	17.06	0.000344972
0.988256	17.58	0.000229981
0.988256	18.1	0.000336127
0.988256	18.62	0.000185754
0.988256	19.14	0.000176909
0.988256	19.66	0.000150372
0.988256	20.18	0.000141527
0.988256	20.7	0.000150372
0.988256	21.22	9.72998e-05
0.988256	21.74	0.000132682
0.988256	22.26	6.19181e-05
0.988256	22.78	0.000106145
0.988256	23.3	6.19181e-05
0.988256	23.82	2.65363e-05
0.988256	24.34	3.53818e-05
0.988256	24.86	1.76909e-05
0.988256	25.38	4.42272e-05
0.988256	25.9	2.65363e-05
0.988256	26.42	4.42272e-05
0.988256	26.94	1.76909e-05
0.988256	27.46	2.65363e-05
0.988256	27.98	1.76909e-05
0.988256	28.5	3.53818e-05
0.988256	29.02	1.76909e-05
0.988256	29.54	2.65363e-05
0.988256	30.06	1.76909e-05
0.988256	30.58	2.65363e-05
0.988256	31.1	1.76909e-05
0.988256	31.62	1.76909e-05
0.988256	32.14	2.65363e-05
0.988256	32.66	0
0.988256	33.18	0
0.988256	33.7	0
0.988256	34.22	2.65363e-05
0.988256	34.74	4.42272e-05
0.988256	35.26	1.76909e-05
0.988256	35.78	1.76909e-05
0.988256	36.3	8.84544e-06
0.988256	36.82	8.84544e-06
0.988256	37.34	1.76909e-05
0.988256	37.86	0
0.988256	38.38	1.76909e-05
0.988256	38.9	0
0.988256	39.42	8.84544e-06
0.988256	39.94	1.76909e-05
0.988256	40.46	8.84544e-06
0.988256	40.98	0
0.988256	41.5	8.84544e-06
0.988256	42.02	8.84544e-06
0.988256	42.54	0
0.988256	43.06	0
0.988256	43.58	0
0.988256	44.1	0
0.988256	44.62	0
0.988256	45.14	0
0.988256	45.66	0
0.988256	46.18	0
0.988256	46.7	0
0.988256	47.22	0
0.988256	47.74	0
0.988256	48.26	0
0.988256	48.78	0
0.988256	49.3	0
0.988256	49.82	0
0.988256	50.34	0
0.988256	50.86	0
0.988256	51.38	0
0.988256	51.9	0
0.988256	52.42	0
0.988256	52.94	0
0.988256	53.46	0
0.988256	53.98	0
0.988256	54.5	0
0.988256	55.02	0
0.988256	55.54	0
0.988256	56.06	0
0.988256	56.58	0
0.988256	57.1	0
0.988256	57.62	0
0.988256	58.14	0
0.988256	58.66	0
0.988256	59.18	0
0.988256	59.7	0
0.988256	60.22	0
0.988256	60.74	0
0.988256	61.26	0
0.988256	61.78	0
0.988256	62.3	0
0.988256	62.82	0
0.988256	63.34	0
0.988256	63.86	0
0.988256	64.38	0
0.988256	64.9	0
0.988256	65.42	0
0.988256	65.94	0
0.988256	66.46	0
0.988256	66.98	0
0.988256	67.5	0
0.988256	68.02	0
0.988256	68.54	0
0.988256	69.06	0
0.988256	69.58	0
0.988256	70.1	0
0.988256	70.62	0
0.988256	71.14	0
0.988256	71.66	0
0.988256	72.18	0
0.988256	72.7	0
0.988256	73.22	0
0.988256	73.74	0
0.988256	74.26	0
0.988256	74.78	0
0.988256	75.3	0
0.988256	75.82	0
0.988256	76.34	0
0.988256	76.86	0
0.988256	77.38	0
0.988256	77.9	0
0.988256	78.42	0
0.988256	78.94	0
0.988256	79.46	0
0.988256	79.98	0
0.988256	80.5	0
0.988256	81.02	0
0.988256	81.54	0
0.988256	82.06	0
0.988256	82.58	0
0.988256	83.1	0
0.988256	83.62	0
0.988256	84.14	0
0.988256	84.66	0
0.988256	85.18	0
0.988256	85.7	0
0.988256	86.22	0
0.988256	86.74	0
0.988256	87.26	0
0.988256	87.78	0
0.988256	88.3	0
0.988256	88.82	0
0.988256	89.34	0
0.988256	89.86	0
0.988256	90.38	0
0.988256	90.9	0
0.988256	91.42	0
0.988256	91.94	0
0.988256	92.46	0
0.988256	92.98	0
0.988256	93.5	0
0.988256	94.02	0
0.988256	94.54	0
0.988256	95.06	0
0.988256	95.58	0
0.988256	96.1	0
0.988256	96.62	0
0.988256	97.14	0
0.988256	97.66	0
0.988256	98.18	0
0.988256	98.7	0
0.988256	99.22	0
0.971843	-30.26	0
0.971843	-29.74	0
0.971843	-29.22	0
0.971843	-28.7	0
0.971843	-28.18	0
0.971843	-27.66	0
0.971843	-27.14	0
0.971843	-26.62	0
0.971843	-26.1	0
0.971843	-25.58	0
0.971843	-25.06	0
0.971843	-24.54	0
0.971843	-24.02	0
0.971843	-23.5	0
0.971843	-22.98	0
0.971843	-22.46	0
0.971843	-21.94	0
0.971843	-21.42	0
0.971843	-20.9	0
0.971843	-20.38	0
0.971843	-19.86	0
0.971843	-19.34	0
0.971843	-18.82	0
0.971843	-18.3	0
0.971843	-17.78	0
0.971843	-17.26	0
0.971843	-16.74	0
0.971843	-16.22	0
0.971843	-15.7	0
0.971843	-15.18	0
0.971843	-14.66	0
0.971843	-14.14	0
0.971843	-13.62	0
0.971843	-13.1	0
0.971843	-12.58	0
0.971843	-12.06	0
0.971843	-11.54	0
0.971843	-11.02	0
0.971843	-10.5	0
0.971843	-9.98	0
0.971843	-9.46	0
0.971843	-8.94	0
0.971843	-8.42	0
0.971843	-7.9	0
0.971843	-7.38	0
0.971843	-6.86	0
0.971843	-6.34	0
0.971843	-5.82	0
0.971843	-5.3	0
0.971843	-4.78	0
0.971843	-4.26	0
0.971843	-3.74	0
0.971843	-3.22	0
0.971843	-2.7	0
0.971843	-2.18	0
0.971843	-1.66	0
0.971843	-1.14	0.000113141
0.971843	-0.62	0.000791988
0.971843	-0.1	0.00113141
0.971843	0.42	0.00158398
0.971843	0.94	0.000905129
0.971843	1.46	0.00282853
0.971843	1.98	0.00260225
0.971843	2.5	0.00294167
0.971843	3.02	0.00237596
0.971843	3.54	0.0019234
0.971843	4.06	0.00328109
0.971843	4.58	0.00214968
0.971843	5.1	0.00294167
0.971843	5.62	0.00328109
0.971843	6.14	0.00339423
0.971843	6.66	0.00282853
0.971843	7.18	0.00214968
0.971843	7.7	0.00169712
0.971843	8.22	0.00158398
0.971843	8.74	0.00203654
0.971843	9.26	0.00181026
0.971843	9.78	0.00113141
0.971843	10.3	0.000678847
0.971843	10.82	0.00124455
0.971843	11.34	0.000452565
0.971843	11.86	0.000905129
0.971843	12.38	0.000678847
0.971843	12.9	0.000565706
0.971843	13.42	0.000452565
0.971843	13.94	0.000339423
0.971843	14.46	0.000339423
0.971843	14.98	0.000452565
0.971843	15.5	0.000113141
0.971843	16.02	0.000339423
0.971843	16.54	0.000226282
0.971843	17.06	0.000226282
0.971843	17.58	0.000113141
0.971843	18.1	0.000113141
0.971843	18.62	0.000226282
0.971843	19.14	0.000113141
0.971843	19.66	0.000113141
0.971843	20.18	0.000113141
0.971843	20.7	0.000226282
0.971843	21.22	0.000113141
0.971843	21.74	0
0.971843	22.26	0
0.971843	22.78	0
0.971843	23.3	0
0.971843	23.82	0
0.971843	24.34	0
0.971843	24.86	0
0.971843	25.38	0.000113141
0.971843	25.9	0
0.971843	26.42	0
0.971843	26.94	0
0.971843	27.46	0
0.971843	27.98	0
0.971843	28.5	0
0.971843	29.02	0
0.971843	29.54	0
0.971843	30.06	0
0.971843	30.58	0
0.971843	31.1	0
0.971843	31.62	0
0.971843	32.14	0
0.971843	32.66	0
0.971843	33.18	0
0.971843	33.7	0
0.971843	34.22	0
0.971843	34.74	0
0.971843	35.26	0
0.971843	35.78	0
0.971843	36.3	0.000113141
0.971843	36.82	0
0.971843	37.34	0
0.971843	37.86	0
0.971843	38.38	0
0.971843	38.9	0
0.971843	39.42	0
0.971843	39.94	0
0.971843	40.46	0
0.971843	40.98	0
0.971843	41.5	0
0.971843	42.02	0
0.971843	42.54	0
0.971843	43.06	0
0.971843	43.58	0
0.971843	44.1	0
0.971843	44.62	0
0.971843	45.14	0
0.971843	45.66	0
0.971843	46.18	0
0.971843	46.7	0
0.971843	47.22	0
0.971843	47.74	0
0.971843	48.26	0
0.971843	48.78	0
0.971843	49.3	0
0.971843	49.82	0
0.971843	50.34	0
0.971843	50.86	0
0.971843	51.38	0
0.971843	51.9	0
0.971843	52.42	0
0.971843	52.94	0
0.971843	53.46	0
0.971843	53.98	0
0.971843	54.5	0
0.971843	55.02	0
0.971843	55.54	0
0.971843	56.06	0
0.971843	56.58	0
0.971843	57.1	0
0.971843	57.62	0
0.971843	58.14	0
0.971843	58.66	0
0.971843	59.18	0
0.971843	59.7	0
0.971843	60.22	0
0.971843	60.74	0
0.971843	61.26	0
0.971843	61.78	0
0.971843	62.3	0
0.971843	62.82	0
0.971843	63.34	0
0.971843	63.86	0
0.971843	64.38	0
0.971843	64.9	0
0.971843	65.42	0
0.971843	65.94	0
0.971843	66.46	0
0.971843	66.98	0
0.971843	67.5	0
0.971843	68.02	0
0.971843	68.54	0
0.971843	69.06	0
0.971843	69.58	0
0.971843	70.1	0
0.971843	70.62	0
0.971843	71.14	0
0.971843	71.66	0
0.971843	72.18	0
0.971843	72.7	0
0.971843	73.22	0
0.971843	73.74	0
0.971843	74.26	0
0.971843	74.78	0
0.971843	75.3	0
0.971843	75.82	0
0.971843	76.34	0
0.971843	76.86	0
0.971843	77.38	0
0.971843	77.9	0
0.971843	78.42	0
0.971843	78.94	0
0.971843	79.46	0
0.971843	79.98	0
0.971843	80.5	0
0.971843	81.02	0
0.971843	81.54	0
0.971843	82.06	0
0.971843	82.58	0
0.971843	83.1	0
0.971843	83.62	0
0.971843	84.14	0
0.971843	84.66	0
0.971843	85.18	0
0.971843	85.7	0
0.971843	86.22	0
0.971843	86.74	0
0.971843	87.26	0
0.971843	87.78	0
0.971843	88.3	0
0.971843	88.82	0
0.971843	89.34	0
0.971843	89.86	0
0.971843	90.38	0
0.971843	90.9	0
0.971843	91.42	0
0.971843	91.94	0
0.971843	92.46	0
0.971843	92.98	0
0.971843	93.5	0
0.971843	94.02	0
0.971843	94.54	0
0.971843	95.06	0
0.971843	95.58	0
0.971843	96.1	0
0.971843	96.62	0
0.971843	97.14	0
0.971843	97.66	0
0.971843	98.18	0
0.971843	98.7	0
0.971843	99.22	0
0.95543	-30.26	0
0.95543	-29.74	0
0.95543	-29.22	0
0.95543	-28.7	0
0.95543	-28.18	0
0.95543	-27.66	0
0.95543	-27.14	0
0.95543	-26.62	0
0.95543	-26.1	0
0.95543	-25.58	0
0.95543	-25.06	0
0.95543	-24.54	0
0.95543	-24.02	0
0.95543	-23.5	0
0.95543	-22.98	0
0.95543	-22.46	0
0.95543	-21.94	0
0.95543	-21.42	0
0.95543	-20.9	0
0.95543	-20.38	0
0.95543	-19.86	0
0.95543	-19.34	0
0.95543	-18.82	0
0.95543	-18.3	0
0.95543	-17.78	0
0.95543	-17.26	0
0.95543	-16.74	0
0.95543	-16.22	0
0.95543	-15.7	0
0.95543	-15.18	0
0.95543	-14.66	0
0.95543	-14.14	0
0.95543	-13.62	0
0.95543	-13.1	0
0.95543	-12.58	0
0.95543	-12.06	0
0.95543	-11.54	0
0.95543	-11.02	0
0.95543	-10.5	0
0.95543	-9.98	0
0.95543	-9.46	0
0.95543	-8.94	0
0.95543	-8.42	0
0.95543	-7.9	0
0.95543	-7.38	0
0.95543	-6.86	0
0.95543	-6.34	0
0.95543	-5.82	0
0.95543	-5.3	0
0.95543	-4.78	0
0.95543	-4.26	0
0.95543	-3.74	0
0.95543	-3.22	0
0.95543	-2.7	1.98123e-05
0.95543	-2.18	5.94369e-05
0.95543	-1.66	9.90615e-05
0.95543	-1.14	0.000277372
0.95543	-0.62	0.000534932
0.95543	-0.1	0.000673618
0.95543	0.42	0.000653806
0.95543	0.94	0.000733055
0.95543	1.46	0.00134724
0.95543	1.98	0.00170386
0.95543	2.5	0.00206048
0.95543	3.02	0.00200104
0.95543	3.54	0.00174348
0.95543	4.06	0.00192179
0.95543	4.58	0.00166423
0.95543	5.1	0.00202085
0.95543	5.62	0.00152555
0.95543	6.14	0.00148592
0.95543	6.66	0.00114911
0.95543	7.18	0.00130761
0.95543	7.7	0.00116893
0.95543	8.22	0.00110949
0.95543	8.74	0.00108968
0.95543	9.26	0.000931178
0.95543	9.78	0.000891553
0.95543	10.3	0.000633993
0.95543	10.82	0.000931178
0.95543	11.34	0.000475495
0.95543	11.86	0.000633993
0.95543	12.38	0.000574556
0.95543	12.9	0.000316997
0.95543	13.42	0.00025756
0.95543	13.94	0.000336809
0.95543	14.46	0.00043587
0.95543	14.98	0.000376434
0.95543	15.5	0.000217935
0.95543	16.02	0.00025756
0.95543	16.54	0.000158498
0.95543	17.06	0.000118874
0.95543	17.58	7.92492e-05
0.95543	18.1	0.000138686
0.95543	18.62	0.000237748
0.95543	19.14	7.92492e-05
0.95543	19.66	0.000118874
0.95543	20.18	9.90615e-05
0.95543	20.7	3.96246e-05
0.95543	21.22	5.94369e-05
0.95543	21.74	0.000118874
0.95543	22.26	3.96246e-05
0.95543	22.78	1.98123e-05
0.95543	23.3	3.96246e-05
0.95543	23.82	1.98123e-05
0.95543	24.34	0
0.95543	24.86	5.94369e-05
0.95543	25.38	0
0.95543	25.9	3.96246e-05
0.95543	26.42	1.98123e-05
0.95543	26.94	1.98123e-05
0.95543	27.46	1.98123e-05
0.95543	27.98	5.94369e-05
0.95543	28.5	5.94369e-05
0.95543	29.02	0
0.95543	29.54	0
0.95543	30.06	1.98123e-05
0.95543	30.58	0
0.95543	31.1	0
0.95543	31.62	0
0.95543	32.14	0
0.95543	32.66	3.96246e-05
0.95543	33.18	0
0.95543	33.7	0
0.95543	34.22	0
0.95543	34.74	1.98123e-05
0.95543	35.26	0
0.95543	35.78	1.98123e-05
0.95543	36.3	3.96246e-05
0.95543	36.82	0
0.95543	37.34	0
0.95543	37.86	0
0.95543	38.38	0
0.95543	38.9	0
0.95543	39.42	0
0.95543	39.94	0
0.95543	40.46	0
0.95543	40.98	0
0.95543	41.5	0
0.95543	42.02	0
0.95543	42.54	0
0.95543	43.06	0
0.95543	43.58	0
0.95543	44.1	0
0.95543	44.62	0
0.95543	45.14	0
0.95543	45.66	0
0.95543	46.18	0
0.95543	46.7	0
0.95543	47.22	0
0.95543	47.74	0
0.95543	48.26	0
0.95543	48.78	0
0.95543	49.3	0
0.95543	49.82	0
0.95543	50.34	0
0.95543	50.86	0
0.95543	51.38	0
0.95543	51.9	0
0.95543	52.42	0
0.95543	52.94	0
0.95543	53.46	0
0.95543	53.98	0
0.95543	54.5	0
0.95543	55.02	0
0.95543	55.54	0
0.95543	56.06	0
0.95543	56.58	0
0.95543	57.1	0
0.95543	57.62	0
0.95543	58.14	0
0.95543	58.66	0
0.95543	59.18	0
0.95543	59.7	0
0.95543	60.22	0
0.95543	60.74	0
0.95543	61.26	0
0.95543	61.78	0
0.95543	62.3	0
0.95543	62.82	0
0.95543	63.34	0
0.95543	63.86	0
0.95543	64.38	0
0.95543	64.9	0
0.95543	65.42	0
0.95543	65.94	0
0.95543	66.46	0
0.95543	66.98	0
0.95543	67.5	0
0.95543	68.02	0
0.95543	68.54	0
0.95543	69.06	0
0.95543	69.58	0
0.95543	70.1	0
0.95543	70.62	0
0.95543	71.14	0
0.95543	71.66	0
0.95543	72.18	0
0.95543	72.7	0
0.95543	73.22	0
0.95543	73.74	0
0.95543	74.26	0
0.95543	74.78	0
0.95543	75.3	0
0.95543	75.82	0
0.95543	76.34	0
0.95543	76.86	0
0.95543	77.38	0
0.95543	77.9	0
0.95543	78.42	0
0.95543	78.94	0
0.95543	79.46	0
0.95543	79.98	0
0.95543	80.5	0
0.95543	81.02	0
0.95543	81.54	0
0.95543	82.06	0
0.95543	82.58	0
0.95543	83.1	0
0.95543	83.62	0
0.95543	84.14	0
0.95543	84.66	0
0.95543	85.18	0
0.95543	85.7	0
0.95543	86.22	0
0.95543	86.74	0
0.95543	87.26	0
0.95543	87.78	0
0.95543	88.3	0
0.95543	88.82	0
0.95543	89.34	0
0.95543	89.86	0
0.95543	90.38	0
0.95543	90.9	0
0.95543	91.42	0
0.95543	91.94	0
0.95543	92.46	0
0.95543	92.98	0
0.95543	93.5	0
0.95543	94.02	0
0.95543	94.54	0
0.95543	95.06	0
0.95543	95.58	0
0.95543	96.1	0
0.95543	96.62	0
0.95543	97.14	0
0.95543	97.66	0
0.95543	98.18	0
0.95543	98.7	0
0.95543	99.22	0
0.939016	-30.26	0
0.939016	-29.74	0
0.939016	-29.22	0
0.939016	-28.7	0
0.939016	-28.18	0
0.939016	-27.66	0
0.939016	-27.14	0
0.939016	-26.62	0
0.939016	-26.1	0
0.939016	-25.58	0
0.939016	-25.06	0
0.939016	-24.54	0
0.939016	-24.02	0
0.939016	-23.5	0
0.939016	-22.98	0
0.939016	-22.46	0
0.939016	-21.94	0
0.939016	-21.42	0
0.939016	-20.9	0
0.939016	-20.38	0
0.939016	-19.86	0
0.939016	-19.34	0
0.939016	-18.82	0
0.939016	-18.3	0
0.939016	-17.78	0
0.939016	-17.26	0
0.939016	-16.74	0
0.939016	-16.22	0
0.939016	-15.7	0
0.939016	-15.18	0
0.939016	-14.66	0
0.939016	-14.14	0
0.939016	-13.62	0
0.939016	-13.1	0
0.939016	-12.58	0
0.939016	-12.06	0
0.939016	-11.54	0
0.939016	-11.02	0
0.939016	-10.5	0
0.939016	-9.98	0
0.939016	-9.46	0
0.939016	-8.94	0
0.939016	-8.42	0
0.939016	-7.9	0
0.939016	-7.38	0
0.939016	-6.86	0
0.939016	-6.34	0
0.939016	-5.82	0
0.939016	-5.3	0
0.939016	-4.78	0
0.939016	-4.26	0
0.939016	-3.74	0
0.939016	-3.22	0
0.939016	-2.7	0
0.939016	-2.18	0
0.939016	-1.66	0
0.939016	-1.14	5.10627e-06
0.939016	-0.62	6.63815e-05
0.939016	-0.1	0.00021957
0.939016	0.42	0.000439139
0.939016	0.94	0.000638284
0.939016	1.46	0.000965085
0.939016	1.98	0.00110295
0.939016	2.5	0.00121529
0.939016	3.02	0.00165954
0.939016	3.54	0.00156763
0.939016	4.06	0.00132763
0.939016	4.58	0.00155741
0.939016	5.1	0.00151656
0.939016	5.62	0.00150124
0.939016	6.14	0.00123572
0.939016	6.66	0.00124593
0.939016	7.18	0.000873172
0.939016	7.7	0.000745516
0.939016	8.22	0.000653603
0.939016	8.74	0.000500415
0.939016	9.26	0.000331908
0.939016	9.78	0.000280845
0.939016	10.3	0.000199145
0.939016	10.82	0.000132763
0.939016	11.34	0.000122551
0.939016	11.86	0.000148082
0.939016	12.38	9.19129e-05
0.939016	12.9	9.19129e-05
0.939016	13.42	8.17003e-05
0.939016	13.94	4.08502e-05
0.939016	14.46	6.12753e-05
0.939016	14.98	5.10627e-06
0.939016	15.5	2.55314e-05
0.939016	16.02	3.06376e-05
0.939016	16.54	0
0.939016	17.06	1.02125e-05
0.939016	17.58	5.10627e-06
0.939016	18.1	5.10627e-06
0.939016	18.62	0
0.939016	19.14	5.10627e-06
0.939016	19.66	0
0.939016	20.18	1.02125e-05
0.939016	20.7	0
0.939016	21.22	1.02125e-05
0.939016	21.74	0
0.939016	22.26	1.02125e-05
0.939016	22.78	1.02125e-05
0.939016	23.3	0
0.939016	23.82	0
0.939016	24.34	0
0.939016	24.86	0
0.939016	25.38	0
0.939016	25.9	0
0.939016	26.42	0
0.939016	26.94	5.10627e-06
0.939016	27.46	0
0.939016	27.98	5.10627e-06
0.939016	28.5	0
0.939016	29.02	0
0.939016	29.54	0
0.939016	30.06	0
0.939016	30.58	5.10627e-06
0.939016	31.1	0
0.939016	31.62	5.10627e-06
0.939016	32.14	0
0.939016	32.66	0
0.939016	33.18	0
0.939016	33.7	0
0.939016	34.22	0
0.939016	34.74	0
0.939016	35.26	0
0.939016	35.78	5.10627e-06
0.939016	36.3	0
0.939016	36.82	0
0.939016	37.34	0
0.939016	37.86	0
0.939016	38.38	5.10627e-06
0.939016	38.9	0
0.939016	39.42	0
0.939016	39.94	0
0.939016	40.46	0
0.939016	40.98	0
0.939016	41.5	0
0.939016	42.02	0
0.939016	42.54	0
0.939016	43.06	0
0.939016	43.58	0
0.939016	44.1	0
0.939016	44.62	0
0.939016	45.14	0
0.939016	45.66	0
0.939016	46.18	0
0.939016	46.7	0
0.939016	47.22	0
0.939016	47.74	0
0.939016	48.26	0
0.939016	48.78	0
0.939016	49.3	0
0.939016	49.82	0
0.939016	50.34	0
0.939016	50.86	0
0.939016	51.38	0
0.939016	51.9	0
0.939016	52.42	0
0.939016	52.94	0
0.939016	53.46	0
0.939016	53.98	0
0.939016	54.5	0
0.939016	55.02	0
0.939016	55.54	0
0.939016	56.06	0
0.939016	56.58	0
0.939016	57.1	0
0.939016	57.62	0
0.939016	58.14	0
0.939016	58.66	0
0.939016	59.18	0
0.939016	59.7	0
0.939016	60.22	0
0.939016	60.74	0
0.939016	61.26	0
0.939016	61.78	0
0.939016	62.3	0
0.939016	62.82	0
0.939016	63.34	0
0.939016	63.86	0
0.939016	64.38	0
0.939016	64.9	0
0.939016	65.42	0
0.939016	65.94	0
0.939016	66.46	0
0.939016	66.98	0
0.939016	67.5	0
0.939016	68.02	0
0.939016	68.54	0
0.939016	69.06	0
0.939016	69.58	0
0.939016	70.1	0
0.939016	70.62	0
0.939016	71.14	0
0.939016	71.66	0
0.939016	72.18	0
0.939016	72.7	0
0.939016	73.22	0
0.939016	73.74	0
0.939016	74.26	0
0.939016	74.78	0
0.939016	75.3	0
0.939016	75.82	0
0.939016	76.34	0
0.939016	76.86	0
0.939016	77.38	0
0.939016	77.9	0
0.939016	78.42	0
0.939016	78.94	0
0.939016	79.46	0
0.939016	79.98	0
0.939016	80.5	0
0.939016	81.02	0
0.939016	81.54	0
0.939016	82.06	0
0.939016	82.58	0
0.939016	83.1	0
0.939016	83.62	0
0.939016	84.14	0
0.939016	84.66	0
0.939016	85.18	0
0.939016	85.7	0
0.939016	86.22	0
0.939016	86.74	0
0.939016	87.26	0
0.939016	87.78	0
0.939016	88.3	0
0.939016	88.82	0
0.939016	89.34	0
0.939016	89.86	0
0.939016	90.38	0
0.939016	90.9	0
0.939016	91.42	0
0.939016	91.94	0
0.939016	92.46	0
0.939016	92.98	0
0.939016	93.5	0
0.939016	94.02	0
0.939016	94.54	0
0.939016	95.06	0
0.939016	95.58	0
0.939016	96.1	0
0.939016	96.62	0
0.939016	97.14	0
0.939016	97.66	0
0.939016	98.18	0
0.939016	98.7	0
0.939016	99.22	0
0.922601	-30.26	0
0.922601	-29.74	0
0.922601	-29.22	0
0.922601	-28.7	0
0.922601	-28.18	0
0.922601	-27.66	0
0.922601	-27.14	0
0.922601	-26.62	0
0.922601	-26.1	0
0.922601	-25.58	0
0.922601	-25.06	0
0.922601	-24.54	0
0.922601	-24.02	0
0.922601	-23.5	0
0.922601	-22.98	0
0.922601	-22.46	0
0.922601	-21.94	0
0.922601	-21.42	0
0.922601	-20.9	0
0.922601	-20.38	0
0.922601	-19.86	0
0.922601	-19.34	0
0.922601	-18.82	0
0.922601	-18.3	0
0.922601	-17.78	0
0.922601	-17.26	0
0.922601	-16.74	0
0.922601	-16.22	0
0.922601	-15.7	0
0.922601	-15.18	0
0.922601	-14.66	0
0.922601	-14.14	0
0.922601	-13.62	0
0.922601	-13.1	0
0.922601	-12.58	0
0.922601	-12.06	0
0.922601	-11.54	0
0.922601	-11.02	0
0.922601	-10.5	0
0.922601	-9.98	0
0.922601	-9.46	0
0.922601	-8.94	0
0.922601	-8.42	0
0.922601	-7.9	0
0.922601	-7.38	0
0.922601	-6.86	0
0.922601	-6.34	0
0.922601	-5.82	0
0.922601	-5.3	0
0.922601	-4.78	0
0.922601	-4.26	0
0.922601	-3.74	0
0.922601	-3.22	0
0.922601	-2.7	0
0.922601	-2.18	0
0.922601	-1.66	0
0.922601	-1.14	8.49382e-06
0.922601	-0.62	4.24691e-05
0.922601	-0.1	0.000152889
0.922601	0.42	0.000212345
0.922601	0.94	0.000220839
0.922601	1.46	0.000348247
0.922601	1.98	0.000526617
0.922601	2.5	0.000586073
0.922601	3.02	0.000721975
0.922601	3.54	0.000891851
0.922601	4.06	0.00102775
0.922601	4.58	0.000671012
0.922601	5.1	0.000738962
0.922601	5.62	0.000687999
0.922601	6.14	0.000518123
0.922601	6.66	0.000509629
0.922601	7.18	0.000365234
0.922601	7.7	0.000373728
0.922601	8.22	0.00017837
0.922601	8.74	0.00017837
0.922601	9.26	0.000135901
0.922601	9.78	0.000135901
0.922601	10.3	6.79505e-05
0.922601	10.82	0.000135901
0.922601	11.34	5.09629e-05
0.922601	11.86	1.69876e-05
0.922601	12.38	2.54815e-05
0.922601	12.9	8.49382e-06
0.922601	13.42	2.54815e-05
0.922601	13.94	3.39753e-05
0.922601	14.46	0
0.922601	14.98	8.49382e-06
0.922601	15.5	1.69876e-05
0.922601	16.02	8.49382e-06
0.922601	16.54	0
0.922601	17.06	0
0.922601	17.58	0
0.922601	18.1	0
0.922601	18.62	0
0.922601	19.14	0
0.922601	19.66	0
0.922601	20.18	0
0.922601	20.7	0
0.922601	21.22	0
0.922601	21.74	0
0.922601	22.26	0
0.922601	22.78	0
0.922601	23.3	0
0.922601	23.82	0
0.922601	24.34	0
0.922601	24.86	0
0.922601	25.38	0
0.922601	25.9	0
0.922601	26.42	0
0.922601	26.94	0
0.922601	27.46	0
0.922601	27.98	0
0.922601	28.5	0
0.922601	29.02	0
0.922601	29.54	0
0.922601	30.06	0
0.922601	30.58	0
0.922601	31.1	0
0.922601	31.62	0
0.922601	32.14	0
0.922601	32.66	0
0.922601	33.18	0
0.922601	33.7	0
0.922601	34.22	0
0.922601	34.74	0
0.922601	35.26	0
0.922601	35.78	0
0.922601	36.3	0
0.922601	36.82	0
0.922601	37.34	0
0.922601	37.86	0
0.922601	38.38	0
0.922601	38.9	0
0.922601	39.42	0
0.922601	39.94	0
0.922601	40.46	0
0.922601	40.98	0
0.922601	41.5	0
0.922601	42.02	0
0.922601	42.54	0
0.922601	43.06	0
0.922601	43.58	0
0.922601	44.1	0
0.922601	44.62	0
0.922601	45.14	0
0.922601	45.66	0
0.922601	46.18	0
0.922601	46.7	0
0.922601	47.22	0
0.922601	47.74	0
0.922601	48.26	0
0.922601	48.78	0
0.922601	49.3	0
0.922601	49.82	0
0.922601	50.34	0
0.922601	50.86	0
0.922601	51.38	0
0.922601	51.9	0
0.922601	52.42	0
0.922601	52.94	0
0.922601	53.46	0
0.922601	53.98	0
0.922601	54.5	0
0.922601	55.02	0
0.922601	55.54	0
0.922601	56.06	0
0.922601	56.58	0
0.922601	57.1	0
0.922601	57.62	0
0.922601	58.14	0
0.922601	58.66	0
0.922601	59.18	0
0.922601	59.7	0
0.922601	60.22	0
0.922601	60.74	0
0.922601	61.26	0
0.922601	61.78	0
0.922601	62.3	0
0.922601	62.82	0
0.922601	63.34	0
0.922601	63.86	0
0.922601	64.38	0
0.922601	64.9	0
0.922601	65.42	0
0.922601	65.94	0
0.922601	66.46	0
0.922601	66.98	0
0.922601	67.5	0
0.922601	68.02	0
0.922601	68.54	0
0.922601	69.06	0
0.922601	69.58	0
0.922601	70.1	0
0.922601	70.62	0
0.922601	71.14	0
0.922601	71.66	0
0.922601	72.18	0
0.922601	72.7	0
0.922601	73.22	0
0.922601	73.74	0
0.922601	74.26	0
0.922601	74.78	0
0.922601	75.3	0
0.922601	75.82	0
0.922601	76.34	0
0.922601	76.86	0
0.922601	77.38	0
0.922601	77.9	0
0.922601	78.42	0
0.922601	78.94	0
0.922601	79.46	0
0.922601	79.98	0
0.922601	80.5	0
0.922601	81.02	0
0.922601	81.54	0
0.922601	82.06	0
0.922601	82.58	0
0.922601	83.1	0
0.922601	83.62	0
0.922601	84.14	0
0.922601	84.66	0
0.922601	85.18	0
0.922601	85.7	0
0.922601	86.22	0
0.922601	86.74	0
0.922601	87.26	0
0.922601	87.78	0
0.922601	88.3	0
0.922601	88.82	0
0.922601	89.34	0
0.922601	89.86	0
0.922601	90.38	0
0.922601	90.9	0
0.922601	91.42	0
0.922601	91.94	0
0.922601	92.46	0
0.922601	92.98	0
0.922601	93.5	0
0.922601	94.02	0
0.922601	94.54	0
0.922601	95.06	0
0.922601	95.58	0
0.922601	96.1	0
0.922601	96.62	0
0.922601	97.14	0
0.922601	97.66	0
0.922601	98.18	0
0.922601	98.7	0
0.922601	99.22	0
0.901495	-30.26	0
0.901495	-29.74	0
0.901495	-29.22	0
0.901495	-28.7	0
0.901495	-28.18	0
0.901495	-27.66	0
0.901495	-27.14	0
0.901495	-26.62	0
0.901495	-26.1	0
0.901495	-25.58	0
0.901495	-25.06	0
0.901495	-24.54	0
0.901495	-24.02	0
0.901495	-23.5	0
0.901495	-22.98	0
0.901495	-22.46	0
0.901495	-21.94	0
0.901495	-21.42	0
0.901495	-20.9	0
0.901495	-20.38	0
0.901495	-19.86	0
0.901495	-19.34	0
0.901495	-18.82	0
0.901495	-18.3	0
0.901495	-17.78	0
0.901495	-17.26	0
0.901495	-16.74	0
0.901495	-16.22	0
0.901495	-15.7	0
0.901495	-15.18	0
0.901495	-14.66	0
0.901495	-14.14	0
0.901495	-13.62	0
0.901495	-13.1	0
0.901495	-12.58	0
0.901495	-12.06	0
0.901495	-11.54	0
0.901495	-11.02	0
0.901495	-10.5	0
0.901495	-9.98	0
0.901495	-9.46	0
0.901495	-8.94	0
0.901495	-8.42	0
0.901495	-7.9	0
0.901495	-7.38	0
0.901495	-6.86	0
0.901495	-6.34	0
0.901495	-5.82	0
0.901495	-5.3	0
0.901495	-4.78	0
0.901495	-4.26	0
0.901495	-3.74	0
0.901495	-3.22	0
0.901495	-2.7	0
0.901495	-2.18	3.90233e-06
0.901495	-1.66	7.80467e-06
0.901495	-1.14	3.5121e-05
0.901495	-0.62	4.6828e-05
0.901495	-0.1	7.41444e-05
0.901495	0.42	0.000124875
0.901495	0.94	0.000171703
0.901495	1.46	0.000253652
0.901495	1.98	0.000323894
0.901495	2.5	0.000273163
0.901495	3.02	0.000238042
0.901495	3.54	0.000327796
0.901495	4.06	0.000257554
0.901495	4.58	0.00023414
0.901495	5.1	0.000238042
0.901495	5.62	0.000199019
0.901495	6.14	0.000191214
0.901495	6.66	0.00011707
0.901495	7.18	0.000171703
0.901495	7.7	0.000163898
0.901495	8.22	0.000120972
0.901495	8.74	8.58514e-05
0.901495	9.26	7.41444e-05
0.901495	9.78	7.0242e-05
0.901495	10.3	4.29257e-05
0.901495	10.82	3.12187e-05
0.901495	11.34	4.6828e-05
0.901495	11.86	1.95117e-05
0.901495	12.38	1.56093e-05
0.901495	12.9	1.1707e-05
0.901495	13.42	2.3414e-05
0.901495	13.94	1.1707e-05
0.901495	14.46	1.1707e-05
0.901495	14.98	1.1707e-05
0.901495	15.5	7.80467e-06
0.901495	16.02	0
0.901495	16.54	3.90233e-06
0.901495	17.06	0
0.901495	17.58	0
0.901495	18.1	0
0.901495	18.62	0
0.901495	19.14	3.90233e-06
0.901495	19.66	0
0.901495	20.18	0
0.901495	20.7	0
0.901495	21.22	3.90233e-06
0.901495	21.74	0
0.901495	22.26	0
0.901495	22.78	3.90233e-06
0.901495	23.3	0
0.901495	23.82	0
0.901495	24.34	0
0.901495	24.86	0
0.901495	25.38	0
0.901495	25.9	0
0.901495	26.42	3.90233e-06
0.901495	26.94	0
0.901495	27.46	0
0.901495	27.98	0
0.901495	28.5	0
0.901495	29.02	0
0.901495	29.54	0
0.901495	30.06	0
0.901495	30.58	0
0.901495	31.1	0
0.901495	31.62	0
0.901495	32.14	0
0.901495	32.66	0
0.901495	33.18	0
0.901495	33.7	0
0.901495	34.22	0
0.901495	34.74	0
0.901495	35.26	0
0.901495	35.78	0
0.901495	36.3	0
0.901495	36.82	0
0.901495	37.34	0
0.901495	37.86	0
0.901495	38.38	0
0.901495	38.9	0
0.901495	39.42	0
0.901495	39.94	0
0.901495	40.46	0
0.901495	40.98	0
0.901495	41.5	0
0.901495	42.02	0
0.901495	42.54	0
0.901495	43.06	0
0.901495	43.58	0
0.901495	44.1	0
0.901495	44.62	0
0.901495	45.14	0
0.901495	45.66	0
0.901495	46.18	0
0.901495	46.7	0
0.901495	47.22	0
0.901495	47.74	0
0.901495	48.26	0
0.901495	48.78	0
0.901495	49.3	0
0.901495	49.82	0
0.901495	50.34	0
0.901495	50.86	0
0.901495	51.38	0
0.901495	51.9	0
0.901495	52.42	0
0.901495	52.94	0
0.901495	53.46	0
0.901495	53.98	0
0.901495	54.5	0
0.901495	55.02	0
0.901495	55.54	0
0.901495	56.06	0
0.901495	56.58	0
0.901495	57.1	0
0.901495	57.62	0
0.901495	58.14	0
0.901495	58.66	0
0.901495	59.18	0
0.901495	59.7	0
0.901495	60.22	0
0.901495	60.74	0
0.901495	61.26	0
0.901495	61.78	0
0.901495	62.3	0
0.901495	62.82	0
0.901495	63.34	0
0.901495	63.86	0
0.901495	64.38	0
0.901495	64.9	0
0.901495	65.42	0
0.901495	65.94	0
0.901495	66.46	0
0.901495	66.98	0
0.901495	67.5	0
0.901495	68.02	0
0.901495	68.54	0
0.901495	69.06	0
0.901495	69.58	0
0.901495	70.1	0
0.901495	70.62	0
0.901495	71.14	0
0.901495	71.66	0
0.901495	72.18	0
0.901495	72.7	0
0.901495	73.22	0
0.901495	73.74	0
0.901495	74.26	0
0.901495	74.78	0
0.901495	75.3	0
0.901495	75.82	0
0.901495	76.34	0
0.901495	76.86	0
0.901495	77.38	0
0.901495	77.9	0
0.901495	78.42	0
0.901495	78.94	0
0.901495	79.46	0
0.901495	79.98	0
0.901495	80.5	0
0.901495	81.02	0
0.901495	81.54	0
0.901495	82.06	0
0.901495	82.58	0
0.901495	83.1	0
0.901495	83.62	0
0.901495	84.14	0
0.901495	84.66	0
0.901495	85.18	0
0.901495	85.7	0
0.901495	86.22	0
0.901495	86.74	0
0.901495	87.26	0
0.901495	87.78	0
0.901495	88.3	0
0.901495	88.82	0
0.901495	89.34	0
0.901495	89.86	0
0.901495	90.38	0
0.901495	90.9	0
0.901495	91.42	0
0.901495	91.94	0
0.901495	92.46	0
0.901495	92.98	0
0.901495	93.5	0
0.901495	94.02	0
0.901495	94.54	0
0.901495	95.06	0
0.901495	95.58	0
0.901495	96.1	0
0.901495	96.62	0
0.901495	97.14	0
0.901495	97.66	0
0.901495	98.18	0
0.901495	98.7	0
0.901495	99.22	0
0.873353	-30.26	0
0.873353	-29.74	0
0.873353	-29.22	0
0.873353	-28.7	0
0.873353	-28.18	0
0.873353	-27.66	0
0.873353	-27.14	0
0.873353	-26.62	0
0.873353	-26.1	0
0.873353	-25.58	0
0.873353	-25.06	0
0.873353	-24.54	0
0.873353	-24.02	0
0.873353	-23.5	0
0.873353	-22.98	0
0.873353	-22.46	0
0.873353	-21.94	0
0.873353	-21.42	0
0.873353	-20.9	0
0.873353	-20.38	0
0.873353	-19.86	0
0.873353	-19.34	0
0.873353	-18.82	0
0.873353	-18.3	0
0.873353	-17.78	0
0.873353	-17.26	0
0.873353	-16.74	0
0.873353	-16.22	0
0.873353	-15.7	0
0.873353	-15.18	0
0.873353	-14.66	0
0.873353	-14.14	0
0.873353	-13.62	0
0.873353	-13.1	0
0.873353	-12.58	0
0.873353	-12.06	0
0.873353	-11.54	0
0.873353	-11.02	0
0.873353	-10.5	0
0.873353	-9.98	0
0.873353	-9.46	0
0.873353	-8.94	0
0.873353	-8.42	0
0.873353	-7.9	0
0.873353	-7.38	0
0.873353	-6.86	0
0.873353	-6.34	0
0.873353	-5.82	0
0.873353	-5.3	0
0.873353	-4.78	0
0.873353	-4.26	0
0.873353	-3.74	0
0.873353	-3.22	0
0.873353	-2.7	0
0.873353	-2.18	0
0.873353	-1.66	0
0.873353	-1.14	0
0.873353	-0.62	0
0.873353	-0.1	0
0.873353	0.42	0
0.873353	0.94	0
0.873353	1.46	0
0.873353	1.98	0
0.873353	2.5	0
0.873353	3.02	0
0.873353	3.54	0
0.873353	4.06	0
0.873353	4.58	0
0.873353	5.1	0
0.873353	5.62	0
0.873353	6.14	0
0.873353	6.66	0
0.873353	7.18	0
0.873353	7.7	0
0.873353	8.22	0
0.873353	8.74	0
0.873353	9.26	0
0.873353	9.78	0
0.873353	10.3	0
0.873353	10.82	0
0.873353	11.34	0
0.873353	11.86	0
0.873353	12.38	0
0.873353	12.9	0
0.873353	13.42	0
0.873353	13.94	0
0.873353	14.46	0
0.873353	14.98	0
0.873353	15.5	0
0.873353	16.02	0
0.873353	16.54	0
0.873353	17.06	0
0.873353	17.58	0
0.873353	18.1	0
0.873353	18.62	0
0.873353	19.14	0
0.873353	19.66	0
0.873353	20.18	0
0.873353	20.7	0
0.873353	21.22	0
0.873353	21.74	0
0.873353	22.26	0
0.873353	22.78	0
0.873353	23.3	0
0.873353	23.82	0
0.873353	24.34	0
0.873353	24.86	0
0.873353	25.38	0
0.873353	25.9	0
0.873353	26.42	0
0.873353	26.94	0
0.873353	27.46	0
0.873353	27.98	0
0.873353	28.5	0
0.873353	29.02	0
0.873353	29.54	0
0.873353	30.06	0
0.873353	30.58	0
0.873353	31.1	0
0.873353	31.62	0
0.873353	32.14	0
0.873353	32.66	0
0.873353	33.18	0
0.873353	33.7	0
0.873353	34.22	0
0.873353	34.74	0
0.873353	35.26	0
0.873353	35.78	0
0.873353	36.3	0
0.873353	36.82	0
0.873353	37.34	0
0.873353	37.86	0
0.873353	38.38	0
0.873353	38.9	0
0.873353	39.42	0
0.873353	39.94	0
0.873353	40.46	0
0.873353	40.98	0
0.873353	41.5	0
0.873353	42.02	0
0.873353	42.54	0
0.873353	43.06	0
0.873353	43.58	0
0.873353	44.1	0
0.873353	44.62	0
0.873353	45.14	0
0.873353	45.66	0
0.873353	46.18	0
0.873353	46.7	0
0.873353	47.22	0
0.873353	47.74	0
0.873353	48.26	0
0.873353	48.78	0
0.873353	49.3	0
0.873353	49.82	0
0.873353	50.34	0
0.873353	50.86	0
0.873353	51.38	0
0.873353	51.9	0
0.873353	52.42	0
0.873353	52.94	0
0.873353	53.46	0
0.873353	53.98	0
0.873353	54.5	0
0.873353	55.02	0
0.873353	55.54	0
0.873353	56.06	0
0.873353	56.58	0
0.873353	57.1	0
0.873353	57.62	0
0.873353	58.14	0
0.873353	58.66	0
0.873353	59.18	0
0.873353	59.7	0
0.873353	60.22	0
0.873353	60.74	0
0.873353	61.26	0
0.873353	61.78	0
0.873353	62.3	0
0.873353	62.82	0
0.873353	63.34	0
0.873353	63.86	0
0.873353	64.38	0
0.873353	64.9	0
0.873353	65.42	0
0.873353	65.94	0
0.873353	66.46	0
0.873353	66.98	0
0.873353	67.5	0
0.873353	68.02	0
0.873353	68.54	0
0.873353	69.06	0
0.873353	69.58	0
0.873353	70.1	0
0.873353	70.62	0
0.873353	71.14	0
0.873353	71.66	0
0.873353	72.18	0
0.873353	72.7	0
0.873353	73.22	0
0.873353	73.74	0
0.873353	74.26	0
0.873353	74.78	0
0.873353	75.3	0
0.873353	75.82	0
0.873353	76.34	0
0.873353	76.86	0
0.873353	77.38	0
0.873353	77.9	0
0.873353	78.42	0
0.873353	78.94	0
0.873353	79.46	0
0.873353	79.98	0
0.873353	80.5	0
0.873353	81.02	0
0.873353	81.54	0
0.873353	82.06	0
0.873353	82.58	0
0.873353	83.1	0
0.873353	83.62	0
0.873353	84.14	0
0.873353	84.66	0
0.873353	85.18	0
0.873353	85.7	0
0.873353	86.22	0
0.873353	86.74	0
0.873353	87.26	0
0.873353	87.78	0
0.873353	88.3	0
0.873353	88.82	0
0.873353	89.34	0
0.873353	89.86	0
0.873353	90.38	0
0.873353	90.9	0
0.873353	91.42	0
0.873353	91.94	0
0.873353	92.46	0
0.873353	92.98	0
0.873353	93.5	0
0.873353	94.02	0
0.873353	94.54	0
0.873353	95.06	0
0.873353	95.58	0
0.873353	96.1	0
0.873353	96.62	0
0.873353	97.14	0
0.873353	97.66	0
0.873353	98.18	0
0.873353	98.7	0
0.873353	99.22	0
