0 0 1179.92
0 1 1179.92
0 2 1179.92
0 3 1179.92
0 4 1179.92
0 5 1179.92
0 6 1179.92
0 7 1179.92
0 8 1179.92
0 9 1179.92
0 10 1179.92
0 11 1179.92
0 12 1179.92
0 13 1179.92
0 14 1179.92
0 15 1179.92
0 16 1179.92
0 17 1179.92
0 18 1179.92
0 19 1179.92
0 20 1179.92
1 0 1179.92
1 1 1179.47
1 2 1179.02
1 3 1178.57
1 4 1178.12
1 5 1177.67
1 6 1177.23
1 7 1176.78
1 8 1176.34
1 9 1175.9
1 10 1175.46
1 11 1175.02
1 12 1174.58
1 13 1174.14
1 14 1173.71
1 15 1173.27
1 16 1172.84
1 17 1172.41
1 18 1171.98
1 19 1171.55
1 20 1171.12
2 0 1179.92
2 1 1178.14
2 2 1176.37
2 3 1174.62
2 4 1172.9
2 5 1171.19
2 6 1169.51
2 7 1167.84
2 8 1166.2
2 9 1164.58
2 10 1162.97
2 11 1161.39
2 12 1159.83
2 13 1158.29
2 14 1156.78
2 15 1155.28
2 16 1153.81
2 17 1152.35
2 18 1150.92
2 19 1149.51
2 20 1148.12
3 0 1179.92
3 1 1175.99
3 2 1172.15
3 3 1168.41
3 4 1164.77
3 5 1161.22
3 6 1157.77
3 7 1154.42
3 8 1151.18
3 9 1148.03
3 10 1144.99
3 11 1142.05
3 12 1139.21
3 13 1136.48
3 14 1133.86
3 15 1131.34
3 16 1128.93
3 17 1126.63
3 18 1124.44
3 19 1122.36
3 20 1120.39
4 0 1179.92
4 1 1173.14
4 2 1166.63
4 3 1160.39
4 4 1154.43
4 5 1148.77
4 6 1143.39
4 7 1138.3
4 8 1133.51
4 9 1129.03
4 10 1124.85
4 11 1120.99
4 12 1117.44
4 13 1114.22
4 14 1111.32
4 15 1108.76
4 16 1106.53
4 17 1104.64
4 18 1103.1
4 19 1101.92
4 20 1101.09
5 0 1179.92
5 1 1169.71
5 2 1160.08
5 3 1151.05
5 4 1142.63
5 5 1134.83
5 6 1127.68
5 7 1121.17
5 8 1115.33
5 9 1110.18
5 10 1105.73
5 11 1101.99
5 12 1098.98
5 13 1096.72
5 14 1095.23
5 15 1094.51
5 16 1094.6
5 17 1095.51
5 18 1097.25
5 19 1099.86
5 20 1103.33
6 0 1179.92
6 1 1165.86
6 2 1152.82
6 3 1140.84
6 4 1129.95
6 5 1120.19
6 6 1111.59
6 7 1104.18
6 8 1098.01
6 9 1093.11
6 10 1089.52
6 11 1087.29
6 12 1086.45
6 13 1087.05
6 14 1089.14
6 15 1092.76
6 16 1097.95
6 17 1104.77
6 18 1113.27
6 19 1123.5
6 20 1135.51
7 0 1179.92
7 1 1161.74
7 2 1145.11
7 3 1130.1
7 4 1116.78
7 5 1105.21
7 6 1095.46
7 7 1087.6
7 8 1081.72
7 9 1077.89
7 10 1076.18
7 11 1076.7
7 12 1079.52
7 13 1084.73
7 14 1092.44
7 15 1102.74
7 16 1115.73
7 17 1131.52
7 18 1150.23
7 19 1171.96
7 20 1196.83
8 0 1179.92
8 1 1157.52
8 2 1137.21
8 3 1119.1
8 4 1103.3
8 5 1089.92
8 6 1079.07
8 7 1070.89
8 8 1065.5
8 9 1063.04
8 10 1063.65
8 11 1067.48
8 12 1074.68
8 13 1085.42
8 14 1099.87
8 15 1118.2
8 16 1140.6
8 17 1167.27
8 18 1198.42
8 19 1234.26
8 20 1275.01
9 0 1179.92
9 1 1153.39
9 2 1129.39
9 3 1108.09
9 4 1089.64
9 5 1074.21
9 6 1061.96
9 7 1053.09
9 8 1047.78
9 9 1046.24
9 10 1048.67
9 11 1055.31
9 12 1066.4
9 13 1082.17
9 14 1102.9
9 15 1128.86
9 16 1160.35
9 17 1197.68
9 18 1241.17
9 19 1291.18
9 20 1348.06
10 0 1179.92
10 1 1149.54
10 2 1121.98
10 3 1097.43
10 4 1076.09
10 5 1058.17
10 6 1043.91
10 7 1033.53
10 8 1027.29
10 9 1025.46
10 10 1028.32
10 11 1036.17
10 12 1049.33
10 13 1068.15
10 14 1092.97
10 15 1124.18
10 16 1162.19
10 17 1207.43
10 18 1260.35
10 19 1321.44
10 20 1391.23
11 0 1179.92
11 1 1146.22
11 2 1115.39
11 3 1087.66
11 4 1063.25
11 5 1042.41
11 6 1025.42
11 7 1012.54
11 8 1004.07
11 9 1000.34
11 10 1001.69
11 11 1008.47
11 12 1021.07
11 13 1039.9
11 14 1065.41
11 15 1098.06
11 16 1138.36
11 17 1186.83
11 18 1244.06
11 19 1310.65
11 20 1387.27
12 0 1179.92
12 1 1143.68
12 2 1110.15
12 3 1079.57
12 4 1052.18
12 5 1028.25
12 6 1008.07
12 7 991.928
12 8 980.158
12 9 973.105
12 10 971.142
12 11 974.667
12 12 984.11
12 13 999.927
12 14 1022.61
12 15 1052.69
12 16 1090.74
12 17 1137.36
12 18 1193.2
12 19 1258.98
12 20 1335.45
13 0 1179.92
13 1 1142.18
13 2 1106.85
13 3 1074.16
13 4 1044.35
13 5 1017.69
13 6 994.475
13 7 975
13 8 959.599
13 9 948.627
13 10 942.468
13 11 941.535
13 12 946.273
13 13 957.161
13 14 974.716
13 15 999.497
13 16 1032.11
13 17 1073.2
13 18 1123.47
13 19 1183.69
13 20 1254.67
14 0 1179.92
14 1 1141.99
14 2 1106.11
14 3 1072.52
14 4 1041.45
14 5 1013.16
14 6 987.918
14 7 966.029
14 8 947.816
14 9 933.63
14 10 923.85
14 11 918.888
14 12 919.19
14 13 925.237
14 14 937.555
14 15 956.711
14 16 983.321
14 17 1018.06
14 18 1061.64
14 19 1114.88
14 20 1178.61
15 0 1179.92
15 1 1143.32
15 2 1108.51
15 3 1075.71
15 4 1045.14
15 5 1017.06
15 6 991.721
15 7 969.421
15 8 950.472
15 9 935.218
15 10 924.032
15 11 917.319
15 12 915.521
15 13 919.117
15 14 928.632
15 15 944.637
15 16 967.754
15 17 998.661
15 18 1038.1
15 19 1086.88
15 20 1145.9
16 0 1179.92
16 1 1146.33
16 2 1114.46
16 3 1084.52
16 4 1056.73
16 5 1031.34
16 6 1008.6
16 7 988.804
16 8 972.265
16 9 959.325
16 10 950.354
16 11 945.759
16 12 945.982
16 13 951.508
16 14 962.862
16 15 980.624
16 16 1005.42
16 17 1037.95
16 18 1078.96
16 19 1129.28
16 20 1189.82
17 0 1179.92
17 1 1151.11
17 2 1124.21
17 3 1099.42
17 4 1076.97
17 5 1057.12
17 6 1040.15
17 7 1026.34
17 8 1016.02
17 9 1009.54
17 10 1007.3
17 11 1009.7
17 12 1017.2
17 13 1030.31
17 14 1049.56
17 15 1075.56
17 16 1108.95
17 17 1150.45
17 18 1200.84
17 19 1260.96
17 20 1331.77
18 0 1179.92
18 1 1157.65
18 2 1137.73
18 3 1120.4
18 4 1105.92
18 5 1094.56
18 6 1086.62
18 7 1082.42
18 8 1082.31
18 9 1086.67
18 10 1095.91
18 11 1110.49
18 12 1130.9
18 13 1157.66
18 14 1191.37
18 15 1232.65
18 16 1282.2
18 17 1340.77
18 18 1409.19
18 19 1488.35
18 20 1579.25
19 0 1179.92
19 1 1165.82
19 2 1154.78
19 3 1147.08
19 4 1143.01
19 5 1142.87
19 6 1147
19 7 1155.78
19 8 1169.6
19 9 1188.88
19 10 1214.09
19 11 1245.73
19 12 1284.35
19 13 1330.54
19 14 1384.95
19 15 1448.27
19 16 1521.25
19 17 1604.74
19 18 1699.63
19 19 1806.9
19 20 1927.63
20 0 1179.92
20 1 1175.44
20 2 1174.93
20 3 1178.7
20 4 1187.11
20 5 1200.51
20 6 1219.3
20 7 1243.91
20 8 1274.8
20 9 1312.47
20 10 1357.44
20 11 1410.3
20 12 1471.67
20 13 1542.23
20 14 1622.72
20 15 1713.93
20 16 1816.71
20 17 1932.02
20 18 2060.86
20 19 2204.34
20 20 2363.66
