0 0 758.306
0 1 758.306
0 2 758.306
0 3 758.306
0 4 758.306
0 5 758.306
0 6 758.306
0 7 758.306
0 8 758.306
0 9 758.306
0 10 758.306
0 11 758.306
0 12 758.306
0 13 758.306
0 14 758.306
0 15 758.306
0 16 758.306
0 17 758.306
0 18 758.306
0 19 758.306
0 20 758.306
0 21 758.306
0 22 758.306
0 23 758.306
0 24 758.306
0 25 758.306
0 26 758.306
0 27 758.306
0 28 758.306
0 29 758.306
0 30 758.306
0 31 758.306
0 32 758.306
0 33 758.306
0 34 758.306
0 35 758.306
0 36 758.306
0 37 758.306
0 38 758.306
0 39 758.306
0 40 758.306
0 41 758.306
0 42 758.306
0 43 758.306
0 44 758.306
0 45 758.306
0 46 758.306
0 47 758.306
0 48 758.306
0 49 758.306
0 50 758.306
1 0 758.306
1 1 758.312
1 2 758.318
1 3 758.325
1 4 758.331
1 5 758.338
1 6 758.345
1 7 758.353
1 8 758.36
1 9 758.368
1 10 758.376
1 11 758.385
1 12 758.394
1 13 758.402
1 14 758.412
1 15 758.421
1 16 758.431
1 17 758.441
1 18 758.451
1 19 758.461
1 20 758.472
1 21 758.483
1 22 758.494
1 23 758.506
1 24 758.517
1 25 758.529
1 26 758.541
1 27 758.554
1 28 758.567
1 29 758.58
1 30 758.593
1 31 758.606
1 32 758.62
1 33 758.634
1 34 758.648
1 35 758.663
1 36 758.678
1 37 758.693
1 38 758.708
1 39 758.723
1 40 758.739
1 41 758.755
1 42 758.772
1 43 758.788
1 44 758.805
1 45 758.822
1 46 758.84
1 47 758.857
1 48 758.875
1 49 758.893
1 50 758.912
2 0 758.306
2 1 758.326
2 2 758.35
2 3 758.378
2 4 758.409
2 5 758.445
2 6 758.484
2 7 758.527
2 8 758.574
2 9 758.625
2 10 758.68
2 11 758.739
2 12 758.802
2 13 758.869
2 14 758.94
2 15 759.015
2 16 759.094
2 17 759.177
2 18 759.264
2 19 759.356
2 20 759.451
2 21 759.551
2 22 759.655
2 23 759.763
2 24 759.875
2 25 759.992
2 26 760.113
2 27 760.238
2 28 760.367
2 29 760.501
2 30 760.639
2 31 760.782
2 32 760.929
2 33 761.08
2 34 761.236
2 35 761.396
2 36 761.561
2 37 761.73
2 38 761.904
2 39 762.082
2 40 762.265
2 41 762.453
2 42 762.645
2 43 762.842
2 44 763.043
2 45 763.249
2 46 763.46
2 47 763.676
2 48 763.896
2 49 764.122
