0.0001 0.01 534.285
0.0001 .02 534.285
0.0001 .03 534.285
0.0001 .04 534.285
0.0001 .05 534.285
0.0001 .06 534.285
0.0001 .07 534.285
0.0001 .08 534.285
0.0001 .09 534.285
0.0001 .10 534.285
0.0001 .11 534.285
0.0001 .12 534.285
0.0001 .13 534.285
0.0001 .14 534.285
0.0001 .15 534.285
0.0001 .16 534.285
0.0001 .17 534.285
0.0001 .18 534.285
0.0001 .19 534.285
0.0001 .20 534.285
0.0001 .21 534.285
0.0001 .22 534.285
0.0001 .23 534.285
0.0001 .24 534.285
0.0001 .25 534.285
0.0001 .26 534.285
0.0001 .27 534.285
0.0001 .28 534.285
0.0001 .29 534.285
0.0001 .30 534.285
0.0001 .31 534.285
0.0001 .32 534.285
0.0001 .33 534.285
0.0001 .34 534.285
0.0001 .35 534.284
0.0001 .36 534.284
0.0001 .37 534.284
0.0001 .38 534.284
0.0001 .39 534.284
0.0001 .40 534.284
0.0001 .41 534.284
0.0001 .42 534.284
0.0001 .43 534.284
0.0001 .44 534.284
0.0001 .45 534.284
0.0001 .46 534.284
0.0001 .47 534.284
0.0001 .48 534.284
0.0001 .49 534.284
0.0001 .50 534.284
0.001 0.01 534.283
0.001 .02 534.281
0.001 .03 534.279
0.001 .04 534.277
0.001 .05 534.274
0.001 .06 534.272
0.001 .07 534.27
0.001 .08 534.268
0.001 .09 534.266
0.001 .10 534.264
0.001 .11 534.261
0.001 .12 534.259
0.001 .13 534.257
0.001 .14 534.255
0.001 .15 534.253
0.001 .16 534.251
0.001 .17 534.248
0.001 .18 534.246
0.001 .19 534.244
0.001 .20 534.242
0.001 .21 534.24
0.001 .22 534.238
0.001 .23 534.235
0.001 .24 534.233
0.001 .25 534.231
0.001 .26 534.229
0.001 .27 534.227
0.001 .28 534.224
0.001 .29 534.222
0.001 .30 534.22
0.001 .31 534.218
0.001 .32 534.216
0.001 .33 534.214
0.001 .34 534.211
0.001 .35 534.209
0.001 .36 534.207
0.001 .37 534.205
0.001 .38 534.203
0.001 .39 534.201
0.001 .40 534.198
0.001 .41 534.196
0.001 .42 534.194
0.001 .43 534.192
0.001 .44 534.19
0.001 .45 534.188
0.001 .46 534.185
0.001 .47 534.183
0.001 .48 534.181
0.001 .49 534.179
0.001 .50 534.177
.0002 0.01 534.285
.0002 .02 534.285
.0002 .03 534.285
.0002 .04 534.285
.0002 .05 534.285
.0002 .06 534.285
.0002 .07 534.285
.0002 .08 534.285
.0002 .09 534.284
.0002 .10 534.284
.0002 .11 534.284
.0002 .12 534.284
.0002 .13 534.284
.0002 .14 534.284
.0002 .15 534.284
.0002 .16 534.284
.0002 .17 534.284
.0002 .18 534.284
.0002 .19 534.284
.0002 .20 534.284
.0002 .21 534.283
.0002 .22 534.283
.0002 .23 534.283
.0002 .24 534.283
.0002 .25 534.283
.0002 .26 534.283
.0002 .27 534.283
.0002 .28 534.283
.0002 .29 534.283
.0002 .30 534.283
.0002 .31 534.283
.0002 .32 534.282
.0002 .33 534.282
.0002 .34 534.282
.0002 .35 534.282
.0002 .36 534.282
.0002 .37 534.282
.0002 .38 534.282
.0002 .39 534.282
.0002 .40 534.282
.0002 .41 534.282
.0002 .42 534.282
.0002 .43 534.282
.0002 .44 534.281
.0002 .45 534.281
.0002 .46 534.281
.0002 .47 534.281
.0002 .48 534.281
.0002 .49 534.281
.0002 .50 534.281
.0003 0.01 534.285
.0003 .02 534.285
.0003 .03 534.285
.0003 .04 534.284
.0003 .05 534.284
.0003 .06 534.284
.0003 .07 534.284
.0003 .08 534.284
.0003 .09 534.283
.0003 .10 534.283
.0003 .11 534.283
.0003 .12 534.283
.0003 .13 534.283
.0003 .14 534.283
.0003 .15 534.282
.0003 .16 534.282
.0003 .17 534.282
.0003 .18 534.282
.0003 .19 534.282
.0003 .20 534.281
.0003 .21 534.281
.0003 .22 534.281
.0003 .23 534.281
.0003 .24 534.281
.0003 .25 534.28
.0003 .26 534.28
.0003 .27 534.28
.0003 .28 534.28
.0003 .29 534.28
.0003 .30 534.279
.0003 .31 534.279
.0003 .32 534.279
.0003 .33 534.279
.0003 .34 534.279
.0003 .35 534.278
.0003 .36 534.278
.0003 .37 534.278
.0003 .38 534.278
.0003 .39 534.278
.0003 .40 534.277
.0003 .41 534.277
.0003 .42 534.277
.0003 .43 534.277
.0003 .44 534.277
.0003 .45 534.276
.0003 .46 534.276
.0003 .47 534.276
.0003 .48 534.276
.0003 .49 534.276
.0003 .50 534.276
.0004 0.01 534.285
.0004 .02 534.285
.0004 .03 534.284
.0004 .04 534.284
.0004 .05 534.284
.0004 .06 534.283
.0004 .07 534.283
.0004 .08 534.282
.0004 .09 534.282
.0004 .10 534.282
.0004 .11 534.281
.0004 .12 534.281
.0004 .13 534.281
.0004 .14 534.28
.0004 .15 534.28
.0004 .16 534.28
.0004 .17 534.279
.0004 .18 534.279
.0004 .19 534.279
.0004 .20 534.278
.0004 .21 534.278
.0004 .22 534.278
.0004 .23 534.277
.0004 .24 534.277
.0004 .25 534.277
.0004 .26 534.276
.0004 .27 534.276
.0004 .28 534.276
.0004 .29 534.275
.0004 .30 534.275
.0004 .31 534.274
.0004 .32 534.274
.0004 .33 534.274
.0004 .34 534.273
.0004 .35 534.273
.0004 .36 534.273
.0004 .37 534.272
.0004 .38 534.272
.0004 .39 534.272
.0004 .40 534.271
.0004 .41 534.271
.0004 .42 534.271
.0004 .43 534.27
.0004 .44 534.27
.0004 .45 534.27
.0004 .46 534.269
.0004 .47 534.269
.0004 .48 534.269
.0004 .49 534.268
.0004 .50 534.268
.0005 0.01 534.285
.0005 .02 534.284
.0005 .03 534.284
.0005 .04 534.283
.0005 .05 534.283
.0005 .06 534.282
.0005 .07 534.281
.0005 .08 534.281
.0005 .09 534.28
.0005 .10 534.28
.0005 .11 534.279
.0005 .12 534.279
.0005 .13 534.278
.0005 .14 534.278
.0005 .15 534.277
.0005 .16 534.277
.0005 .17 534.276
.0005 .18 534.275
.0005 .19 534.275
.0005 .20 534.274
.0005 .21 534.274
.0005 .22 534.273
.0005 .23 534.273
.0005 .24 534.272
.0005 .25 534.272
.0005 .26 534.271
.0005 .27 534.271
.0005 .28 534.27
.0005 .29 534.27
.0005 .30 534.269
.0005 .31 534.268
.0005 .32 534.268
.0005 .33 534.267
.0005 .34 534.267
.0005 .35 534.266
.0005 .36 534.266
.0005 .37 534.265
.0005 .38 534.265
.0005 .39 534.264
.0005 .40 534.264
.0005 .41 534.263
.0005 .42 534.262
.0005 .43 534.262
.0005 .44 534.261
.0005 .45 534.261
.0005 .46 534.26
.0005 .47 534.26
.0005 .48 534.259
.0005 .49 534.259
.0005 .50 534.258
.0006 0.01 534.284
.0006 .02 534.284
.0006 .03 534.283
.0006 .04 534.282
.0006 .05 534.281
.0006 .06 534.281
.0006 .07 534.28
.0006 .08 534.279
.0006 .09 534.278
.0006 .10 534.277
.0006 .11 534.277
.0006 .12 534.276
.0006 .13 534.275
.0006 .14 534.274
.0006 .15 534.274
.0006 .16 534.273
.0006 .17 534.272
.0006 .18 534.271
.0006 .19 534.27
.0006 .20 534.27
.0006 .21 534.269
.0006 .22 534.268
.0006 .23 534.267
.0006 .24 534.266
.0006 .25 534.266
.0006 .26 534.265
.0006 .27 534.264
.0006 .28 534.263
.0006 .29 534.263
.0006 .30 534.262
.0006 .31 534.261
.0006 .32 534.26
.0006 .33 534.259
.0006 .34 534.259
.0006 .35 534.258
.0006 .36 534.257
.0006 .37 534.256
.0006 .38 534.256
.0006 .39 534.255
.0006 .40 534.254
.0006 .41 534.253
.0006 .42 534.252
.0006 .43 534.252
.0006 .44 534.251
.0006 .45 534.25
.0006 .46 534.249
.0006 .47 534.249
.0006 .48 534.248
.0006 .49 534.247
.0006 .50 534.246
.0007 0.01 534.284
.0007 .02 534.283
.0007 .03 534.282
.0007 .04 534.281
.0007 .05 534.28
.0007 .06 534.279
.0007 .07 534.278
.0007 .08 534.277
.0007 .09 534.276
.0007 .10 534.275
.0007 .11 534.274
.0007 .12 534.272
.0007 .13 534.271
.0007 .14 534.27
.0007 .15 534.269
.0007 .16 534.268
.0007 .17 534.267
.0007 .18 534.266
.0007 .19 534.265
.0007 .20 534.264
.0007 .21 534.263
.0007 .22 534.262
.0007 .23 534.261
.0007 .24 534.26
.0007 .25 534.259
.0007 .26 534.258
.0007 .27 534.257
.0007 .28 534.255
.0007 .29 534.254
.0007 .30 534.253
.0007 .31 534.252
.0007 .32 534.251
.0007 .33 534.25
.0007 .34 534.249
.0007 .35 534.248
.0007 .36 534.247
.0007 .37 534.246
.0007 .38 534.245
.0007 .39 534.244
.0007 .40 534.243
.0007 .41 534.242
.0007 .42 534.241
.0007 .43 534.24
.0007 .44 534.238
.0007 .45 534.237
.0007 .46 534.236
.0007 .47 534.235
.0007 .48 534.234
.0007 .49 534.233
.0007 .50 534.232
.0008 0.01 534.284
.0008 .02 534.282
.0008 .03 534.281
.0008 .04 534.28
.0008 .05 534.278
.0008 .06 534.277
.0008 .07 534.276
.0008 .08 534.274
.0008 .09 534.273
.0008 .10 534.271
.0008 .11 534.27
.0008 .12 534.269
.0008 .13 534.267
.0008 .14 534.266
.0008 .15 534.264
.0008 .16 534.263
.0008 .17 534.262
.0008 .18 534.26
.0008 .19 534.259
.0008 .20 534.257
.0008 .21 534.256
.0008 .22 534.255
.0008 .23 534.253
.0008 .24 534.252
.0008 .25 534.251
.0008 .26 534.249
.0008 .27 534.248
.0008 .28 534.246
.0008 .29 534.245
.0008 .30 534.244
.0008 .31 534.242
.0008 .32 534.241
.0008 .33 534.239
.0008 .34 534.238
.0008 .35 534.237
.0008 .36 534.235
.0008 .37 534.234
.0008 .38 534.232
.0008 .39 534.231
.0008 .40 534.23
.0008 .41 534.228
.0008 .42 534.227
.0008 .43 534.226
.0008 .44 534.224
.0008 .45 534.223
.0008 .46 534.221
.0008 .47 534.22
.0008 .48 534.219
.0008 .49 534.217
.0008 .50 534.216
.0009 0.01 534.283
.0009 .02 534.282
.0009 .03 534.28
.0009 .04 534.278
.0009 .05 534.276
.0009 .06 534.275
.0009 .07 534.273
.0009 .08 534.271
.0009 .09 534.269
.0009 .10 534.268
.0009 .11 534.266
.0009 .12 534.264
.0009 .13 534.262
.0009 .14 534.261
.0009 .15 534.259
.0009 .16 534.257
.0009 .17 534.255
.0009 .18 534.254
.0009 .19 534.252
.0009 .20 534.25
.0009 .21 534.248
.0009 .22 534.247
.0009 .23 534.245
.0009 .24 534.243
.0009 .25 534.241
.0009 .26 534.24
.0009 .27 534.238
.0009 .28 534.236
.0009 .29 534.234
.0009 .30 534.233
.0009 .31 534.231
.0009 .32 534.229
.0009 .33 534.227
.0009 .34 534.225
.0009 .35 534.224
.0009 .36 534.222
.0009 .37 534.22
.0009 .38 534.218
.0009 .39 534.217
.0009 .40 534.215
.0009 .41 534.213
.0009 .42 534.211
.0009 .43 534.21
.0009 .44 534.208
.0009 .45 534.206
.0009 .46 534.204
.0009 .47 534.203
.0009 .48 534.201
.0009 .49 534.199
.0009 .50 534.197
.0010 0.01 534.283
0.01 0.01 534.069
.0010 .02 534.281
.0010 .03 534.279
.0010 .04 534.277
.0010 .05 534.274
.0010 .06 534.272
.0010 .07 534.27
.0010 .08 534.268
.0010 .09 534.266
.0010 .10 534.264
.0010 .11 534.261
.0010 .12 534.259
.0010 .13 534.257
.0010 .14 534.255
.0010 .15 534.253
.0010 .16 534.251
.0010 .17 534.248
.0010 .18 534.246
.0010 .19 534.244
.0010 .20 534.242
.0010 .21 534.24
.0010 .22 534.238
.0010 .23 534.235
.0010 .24 534.233
.0010 .25 534.231
.0010 .26 534.229
.0010 .27 534.227
.0010 .28 534.224
.0010 .29 534.222
0.01 .02 533.853
.0010 .30 534.22
.0010 .31 534.218
.0010 .32 534.216
.0010 .33 534.214
.0010 .34 534.211
.0010 .35 534.209
.0010 .36 534.207
.0010 .37 534.205
.0010 .38 534.203
.0010 .39 534.201
0.01 .03 533.637
.0010 .40 534.198
.0010 .41 534.196
.0010 .42 534.194
.0010 .43 534.192
.0010 .44 534.19
.0010 .45 534.188
.0010 .46 534.185
.0010 .47 534.183
.0010 .48 534.181
.0010 .49 534.179
0.01 .04 533.421
.0010 .50 534.177
0.01 .05 533.206
0.01 .06 532.991
0.01 .07 532.777
0.01 .08 532.562
0.01 .09 532.349
0.01 .10 532.135
0.01 .11 531.922
0.01 .12 531.709
0.01 .13 531.497
0.01 .14 531.285
0.01 .15 531.073
0.01 .16 530.861
0.01 .17 530.65
0.01 .18 530.439
0.01 .19 530.229
0.01 .20 530.019
0.01 .21 529.809
0.01 .22 529.6
0.01 .23 529.391
0.01 .24 529.182
0.01 .25 528.973
0.01 .26 528.765
0.01 .27 528.558
0.01 .28 528.35
0.01 .29 528.143
0.01 .30 527.936
0.01 .31 527.73
0.01 .32 527.524
0.01 .33 527.318
0.01 .34 527.113
0.01 .35 526.908
0.01 .36 526.703
0.01 .37 526.499
0.01 .38 526.295
0.01 .39 526.091
0.01 .40 525.888
0.01 .41 525.685
0.01 .42 525.483
0.01 .43 525.28
0.01 .44 525.078
0.01 .45 524.877
0.01 .46 524.676
0.01 .47 524.475
0.01 .48 524.274
0.01 .49 524.074
0.01 .50 523.874
.002 0.01 534.277
.002 .02 534.268
.002 .03 534.259
.002 .04 534.251
.002 .05 534.242
.002 .06 534.233
.002 .07 534.224
.002 .08 534.216
.002 .09 534.207
.002 .10 534.198
.002 .11 534.19
.002 .12 534.181
.002 .13 534.172
.002 .14 534.164
.002 .15 534.155
.002 .16 534.146
.002 .17 534.138
.002 .18 534.129
.002 .19 534.12
.002 .20 534.112
.002 .21 534.103
.002 .22 534.094
.002 .23 534.086
.002 .24 534.077
.002 .25 534.068
.002 .26 534.06
.002 .27 534.051
.002 .28 534.042
.002 .29 534.034
.002 .30 534.025
.002 .31 534.016
.002 .32 534.008
.002 .33 533.999
.002 .34 533.99
.002 .35 533.982
.002 .36 533.973
.002 .37 533.964
.002 .38 533.956
.002 .39 533.947
.002 .40 533.938
.002 .41 533.93
.002 .42 533.921
.002 .43 533.912
.002 .44 533.904
.002 .45 533.895
.002 .46 533.886
.002 .47 533.878
.002 .48 533.869
.002 .49 533.86
.002 .50 533.852
.003 0.01 534.266
.003 .02 534.246
.003 .03 534.227
.003 .04 534.207
.003 .05 534.188
.003 .06 534.168
.003 .07 534.149
.003 .08 534.129
.003 .09 534.11
.003 .10 534.09
.003 .11 534.071
.003 .12 534.051
.003 .13 534.032
.003 .14 534.012
.003 .15 533.993
.003 .16 533.973
.003 .17 533.954
.003 .18 533.934
.003 .19 533.915
.003 .20 533.895
.003 .21 533.876
.003 .22 533.856
.003 .23 533.837
.003 .24 533.817
.003 .25 533.798
.003 .26 533.778
.003 .27 533.759
.003 .28 533.739
.003 .29 533.72
.003 .30 533.7
.003 .31 533.681
.003 .32 533.662
.003 .33 533.642
.003 .34 533.623
.003 .35 533.603
.003 .36 533.584
.003 .37 533.564
.003 .38 533.545
.003 .39 533.526
.003 .40 533.506
.003 .41 533.487
.003 .42 533.467
.003 .43 533.448
.003 .44 533.428
.003 .45 533.409
.003 .46 533.39
.003 .47 533.37
.003 .48 533.351
.003 .49 533.331
.003 .50 533.312
.004 0.01 534.251
.004 .02 534.216
.004 .03 534.181
.004 .04 534.146
.004 .05 534.112
.004 .06 534.077
.004 .07 534.042
.004 .08 534.008
.004 .09 533.973
.004 .10 533.938
.004 .11 533.904
.004 .12 533.869
.004 .13 533.835
.004 .14 533.8
.004 .15 533.765
.004 .16 533.731
.004 .17 533.696
.004 .18 533.662
.004 .19 533.627
.004 .20 533.593
.004 .21 533.558
.004 .22 533.523
.004 .23 533.489
.004 .24 533.454
.004 .25 533.42
.004 .26 533.385
.004 .27 533.351
.004 .28 533.316
.004 .29 533.282
.004 .30 533.247
.004 .31 533.213
.004 .32 533.179
.004 .33 533.144
.004 .34 533.11
.004 .35 533.075
.004 .36 533.041
.004 .37 533.006
.004 .38 532.972
.004 .39 532.938
.004 .40 532.903
.004 .41 532.869
.004 .42 532.835
.004 .43 532.8
.004 .44 532.766
.004 .45 532.732
.004 .46 532.697
.004 .47 532.663
.004 .48 532.629
.004 .49 532.594
.004 .50 532.56
.005 0.01 534.231
.005 .02 534.177
.005 .03 534.123
.005 .04 534.068
.005 .05 534.014
.005 .06 533.96
.005 .07 533.906
.005 .08 533.852
.005 .09 533.798
.005 .10 533.744
.005 .11 533.69
.005 .12 533.636
.005 .13 533.582
.005 .14 533.528
.005 .15 533.474
.005 .16 533.42
.005 .17 533.366
.005 .18 533.312
.005 .19 533.258
.005 .20 533.205
.005 .21 533.151
.005 .22 533.097
.005 .23 533.043
.005 .24 532.989
.005 .25 532.936
.005 .26 532.882
.005 .27 532.828
.005 .28 532.775
.005 .29 532.721
.005 .30 532.667
.005 .31 532.614
.005 .32 532.56
.005 .33 532.507
.005 .34 532.453
.005 .35 532.4
.005 .36 532.346
.005 .37 532.293
.005 .38 532.239
.005 .39 532.186
.005 .40 532.132
.005 .41 532.079
.005 .42 532.026
.005 .43 531.972
.005 .44 531.919
.005 .45 531.866
.005 .46 531.812
.005 .47 531.759
.005 .48 531.706
.005 .49 531.653
.005 .50 531.599
.006 0.01 534.207
.006 .02 534.129
.006 .03 534.051
.006 .04 533.973
.006 .05 533.895
.006 .06 533.817
.006 .07 533.74
.006 .08 533.662
.006 .09 533.584
.006 .10 533.506
.006 .11 533.429
.006 .12 533.351
.006 .13 533.274
.006 .14 533.196
.006 .15 533.119
.006 .16 533.041
.006 .17 532.964
.006 .18 532.887
.006 .19 532.809
.006 .20 532.732
.006 .21 532.655
.006 .22 532.578
.006 .23 532.501
.006 .24 532.424
.006 .25 532.346
.006 .26 532.27
.006 .27 532.193
.006 .28 532.116
.006 .29 532.039
.006 .30 531.962
.006 .31 531.885
.006 .32 531.809
.006 .33 531.732
.006 .34 531.655
.006 .35 531.579
.006 .36 531.502
.006 .37 531.426
.006 .38 531.349
.006 .39 531.273
.006 .40 531.196
.006 .41 531.12
.006 .42 531.044
.006 .43 530.968
.006 .44 530.891
.006 .45 530.815
.006 .46 530.739
.006 .47 530.663
.006 .48 530.587
.006 .49 530.511
.006 .50 530.435
.007 0.01 534.179
.007 .02 534.073
.007 .03 533.967
.007 .04 533.861
.007 .05 533.755
.007 .06 533.649
.007 .07 533.543
.007 .08 533.438
.007 .09 533.332
.007 .10 533.227
.007 .11 533.121
.007 .12 533.016
.007 .13 532.911
.007 .14 532.805
.007 .15 532.7
.007 .16 532.595
.007 .17 532.49
.007 .18 532.385
.007 .19 532.281
.007 .20 532.176
.007 .21 532.071
.007 .22 531.967
.007 .23 531.862
.007 .24 531.758
.007 .25 531.654
.007 .26 531.55
.007 .27 531.445
.007 .28 531.341
.007 .29 531.237
.007 .30 531.134
.007 .31 531.03
.007 .32 530.926
.007 .33 530.822
.007 .34 530.719
.007 .35 530.615
.007 .36 530.512
.007 .37 530.409
.007 .38 530.305
.007 .39 530.202
.007 .40 530.099
.007 .41 529.996
.007 .42 529.893
.007 .43 529.791
.007 .44 529.688
.007 .45 529.585
.007 .46 529.483
.007 .47 529.38
.007 .48 529.278
.007 .49 529.175
.007 .50 529.073
.008 0.01 534.147
.008 .02 534.008
.008 .03 533.87
.008 .04 533.731
.008 .05 533.593
.008 .06 533.455
.008 .07 533.317
.008 .08 533.179
.008 .09 533.042
.008 .10 532.904
.008 .11 532.767
.008 .12 532.63
.008 .13 532.493
.008 .14 532.356
.008 .15 532.219
.008 .16 532.083
.008 .17 531.946
.008 .18 531.81
.008 .19 531.674
.008 .20 531.537
.008 .21 531.402
.008 .22 531.266
.008 .23 531.13
.008 .24 530.995
.008 .25 530.859
.008 .26 530.724
.008 .27 530.589
.008 .28 530.454
.008 .29 530.319
.008 .30 530.184
.008 .31 530.05
.008 .32 529.915
.008 .33 529.781
.008 .34 529.647
.008 .35 529.513
.008 .36 529.379
.008 .37 529.246
.008 .38 529.112
.008 .39 528.979
.008 .40 528.845
.008 .41 528.712
.008 .42 528.579
.008 .43 528.446
.008 .44 528.314
.008 .45 528.181
.008 .46 528.049
.008 .47 527.916
.008 .48 527.784
.008 .49 527.652
.008 .50 527.52
.009 0.01 534.11
.009 .02 533.935
.009 .03 533.76
.009 .04 533.585
.009 .05 533.41
.009 .06 533.236
.009 .07 533.062
.009 .08 532.888
.009 .09 532.714
.009 .10 532.541
.009 .11 532.367
.009 .12 532.194
.009 .13 532.021
.009 .14 531.849
.009 .15 531.676
.009 .16 531.504
.009 .17 531.332
.009 .18 531.161
.009 .19 530.989
.009 .20 530.818
.009 .21 530.647
.009 .22 530.476
.009 .23 530.305
.009 .24 530.135
.009 .25 529.965
.009 .26 529.795
.009 .27 529.625
.009 .28 529.456
.009 .29 529.287
.009 .30 529.118
.009 .31 528.949
.009 .32 528.78
.009 .33 528.612
.009 .34 528.444
.009 .35 528.276
.009 .36 528.108
.009 .37 527.941
.009 .38 527.773
.009 .39 527.606
.009 .40 527.44
.009 .41 527.273
.009 .42 527.107
.009 .43 526.941
.009 .44 526.775
.009 .45 526.609
.009 .46 526.444
.009 .47 526.278
.009 .48 526.113
.009 .49 525.949
.009 .50 525.784
.010 0.01 534.069
0.1 0.01 517.165
.010 .02 533.853
.010 .03 533.637
.010 .04 533.421
.010 .05 533.206
.010 .06 532.991
.010 .07 532.777
.010 .08 532.562
.010 .09 532.349
.010 .10 532.135
.010 .11 531.922
.010 .12 531.709
.010 .13 531.497
.010 .14 531.285
.010 .15 531.073
.010 .16 530.861
.010 .17 530.65
.010 .18 530.439
.010 .19 530.229
.010 .20 530.019
.010 .21 529.809
.010 .22 529.6
.010 .23 529.391
.010 .24 529.182
.010 .25 528.973
.010 .26 528.765
.010 .27 528.558
.010 .28 528.35
.010 .29 528.143
0.1 .02 501.33
.010 .30 527.936
.010 .31 527.73
.010 .32 527.524
.010 .33 527.318
.010 .34 527.113
.010 .35 526.908
.010 .36 526.703
.010 .37 526.499
.010 .38 526.295
.010 .39 526.091
0.1 .03 486.831
.010 .40 525.888
.010 .41 525.685
.010 .42 525.483
.010 .43 525.28
.010 .44 525.078
.010 .45 524.877
.010 .46 524.676
.010 .47 524.475
.010 .48 524.274
.010 .49 524.074
0.1 .04 473.72
.010 .50 523.874
0.1 .05 462.052
0.1 .06 451.884
0.1 .07 443.272
0.1 .08 436.278
0.1 .09 430.964
0.1 .10 427.396
0.1 .11 425.639
0.1 .12 425.764
0.1 .13 427.843
0.1 .14 431.951
0.1 .15 438.166
0.1 .16 446.568
0.1 .17 457.24
0.1 .18 470.271
0.1 .19 485.749
0.1 .20 503.768
0.1 .21 524.426
0.1 .22 547.824
0.1 .23 574.065
0.1 .24 603.259
0.1 .25 635.52
0.1 .26 670.965
0.1 .27 709.716
0.1 .28 751.901
0.1 .29 797.652
0.1 .30 847.106
0.1 .31 900.408
0.1 .32 957.706
0.1 .33 1019.16
0.1 .34 1084.92
0.1 .35 1155.17
0.1 .36 1230.07
0.1 .37 1309.82
0.1 .38 1394.6
0.1 .39 1484.62
0.1 .40 1580.07
0.1 .41 1681.19
0.1 .42 1788.19
0.1 .43 1901.32
0.1 .44 2020.81
0.1 .45 2146.94
0.1 .46 2279.97
0.1 .47 2420.19
0.1 .48 2567.89
0.1 .49 2723.39
0.1 .50 2887.01
.02 0.01 533.426
.02 .02 532.572
.02 .03 531.723
.02 .04 530.879
.02 .05 530.04
.02 .06 529.207
.02 .07 528.379
.02 .08 527.556
.02 .09 526.739
.02 .10 525.927
.02 .11 525.12
.02 .12 524.319
.02 .13 523.523
.02 .14 522.732
.02 .15 521.947
.02 .16 521.167
.02 .17 520.393
.02 .18 519.624
.02 .19 518.86
.02 .20 518.102
.02 .21 517.349
.02 .22 516.602
.02 .23 515.86
.02 .24 515.123
.02 .25 514.393
.02 .26 513.667
.02 .27 512.947
.02 .28 512.233
.02 .29 511.524
.02 .30 510.821
.02 .31 510.123
.02 .32 509.431
.02 .33 508.744
.02 .34 508.063
.02 .35 507.388
.02 .36 506.718
.02 .37 506.054
.02 .38 505.395
.02 .39 504.742
.02 .40 504.095
.02 .41 503.453
.02 .42 502.818
.02 .43 502.187
.02 .44 501.563
.02 .45 500.944
.02 .46 500.331
.02 .47 499.724
.02 .48 499.122
.02 .49 498.526
.02 .50 497.936
.03 0.01 532.376
.03 .02 530.491
.03 .03 528.633
.03 .04 526.799
.03 .05 524.992
.03 .06 523.21
.03 .07 521.454
.03 .08 519.724
.03 .09 518.02
.03 .10 516.342
.03 .11 514.691
.03 .12 513.066
.03 .13 511.468
.03 .14 509.896
.03 .15 508.351
.03 .16 506.834
.03 .17 505.343
.03 .18 503.88
.03 .19 502.444
.03 .20 501.035
.03 .21 499.654
.03 .22 498.301
.03 .23 496.975
.03 .24 495.678
.03 .25 494.409
.03 .26 493.168
.03 .27 491.955
.03 .28 490.771
.03 .29 489.615
.03 .30 488.488
.03 .31 487.39
.03 .32 486.322
.03 .33 485.282
.03 .34 484.271
.03 .35 483.29
.03 .36 482.339
.03 .37 481.417
.03 .38 480.525
.03 .39 479.664
.03 .40 478.832
.03 .41 478.03
.03 .42 477.259
.03 .43 476.518
.03 .44 475.809
.03 .45 475.129
.03 .46 474.481
.03 .47 473.864
.03 .48 473.278
.03 .49 472.724
.03 .50 472.201
.04 0.01 530.949
.04 .02 527.688
.04 .03 524.503
.04 .04 521.393
.04 .05 518.36
.04 .06 515.405
.04 .07 512.528
.04 .08 509.729
.04 .09 507.009
.04 .10 504.37
.04 .11 501.81
.04 .12 499.332
.04 .13 496.936
.04 .14 494.622
.04 .15 492.391
.04 .16 490.244
.04 .17 488.182
.04 .18 486.204
.04 .19 484.313
.04 .20 482.508
.04 .21 480.79
.04 .22 479.16
.04 .23 477.618
.04 .24 476.166
.04 .25 474.804
.04 .26 473.533
.04 .27 472.353
.04 .28 471.265
.04 .29 470.27
.04 .30 469.369
.04 .31 468.563
.04 .32 467.851
.04 .33 467.235
.04 .34 466.717
.04 .35 466.295
.04 .36 465.972
.04 .37 465.748
.04 .38 465.624
.04 .39 465.6
.04 .40 465.678
.04 .41 465.858
.04 .42 466.141
.04 .43 466.529
.04 .44 467.02
.04 .45 467.618
.04 .46 468.322
.04 .47 469.133
.04 .48 470.052
.04 .49 471.08
.04 .50 472.219
.05 0.01 529.186
.05 .02 524.256
.05 .03 519.495
.05 .04 514.907
.05 .05 510.493
.05 .06 506.256
.05 .07 502.197
.05 .08 498.319
.05 .09 494.624
.05 .10 491.115
.05 .11 487.793
.05 .12 484.66
.05 .13 481.72
.05 .14 478.974
.05 .15 476.425
.05 .16 474.075
.05 .17 471.927
.05 .18 469.983
.05 .19 468.246
.05 .20 466.717
.05 .21 465.4
.05 .22 464.298
.05 .23 463.412
.05 .24 462.745
.05 .25 462.301
.05 .26 462.082
.05 .27 462.09
.05 .28 462.328
.05 .29 462.799
.05 .30 463.506
.05 .31 464.452
.05 .32 465.64
.05 .33 467.072
.05 .34 468.752
.05 .35 470.683
.05 .36 472.867
.05 .37 475.308
.05 .38 478.009
.05 .39 480.973
.05 .40 484.203
.05 .41 487.702
.05 .42 491.475
.05 .43 495.523
.05 .44 499.851
.05 .45 504.462
.05 .46 509.359
.05 .47 514.546
.05 .48 520.027
.05 .49 525.804
.05 .50 531.882
.06 0.01 527.135
.06 .02 520.298
.06 .03 513.781
.06 .04 507.589
.06 .05 501.728
.06 .06 496.202
.06 .07 491.019
.06 .08 486.182
.06 .09 481.7
.06 .10 477.576
.06 .11 473.819
.06 .12 470.433
.06 .13 467.425
.06 .14 464.801
.06 .15 462.569
.06 .16 460.734
.06 .17 459.303
.06 .18 458.283
.06 .19 457.681
.06 .20 457.504
.06 .21 457.76
.06 .22 458.455
.06 .23 459.597
.06 .24 461.194
.06 .25 463.253
.06 .26 465.782
.06 .27 468.789
.06 .28 472.282
.06 .29 476.269
.06 .30 480.759
.06 .31 485.76
.06 .32 491.281
.06 .33 497.331
.06 .34 503.918
.06 .35 511.052
.06 .36 518.742
.06 .37 526.997
.06 .38 535.828
.06 .39 545.243
.06 .40 555.253
.06 .41 565.868
.06 .42 577.098
.06 .43 588.954
.06 .44 601.446
.06 .45 614.586
.06 .46 628.384
.06 .47 642.851
.06 .48 658
.06 .49 673.842
.06 .50 690.388
.07 0.01 524.847
.07 .02 515.922
.07 .03 507.523
.07 .04 499.66
.07 .05 492.345
.07 .06 485.592
.07 .07 479.412
.07 .08 473.819
.07 .09 468.824
.07 .10 464.441
.07 .11 460.685
.07 .12 457.568
.07 .13 455.105
.07 .14 453.31
.07 .15 452.199
.07 .16 451.785
.07 .17 452.085
.07 .18 453.114
.07 .19 454.889
.07 .20 457.425
.07 .21 460.74
.07 .22 464.851
.07 .23 469.775
.07 .24 475.53
.07 .25 482.135
.07 .26 489.608
.07 .27 497.969
.07 .28 507.237
.07 .29 517.432
.07 .30 528.575
.07 .31 540.687
.07 .32 553.789
.07 .33 567.903
.07 .34 583.052
.07 .35 599.259
.07 .36 616.547
.07 .37 634.941
.07 .38 654.465
.07 .39 675.144
.07 .40 697.004
.07 .41 720.072
.07 .42 744.375
.07 .43 769.941
.07 .44 796.798
.07 .45 824.974
.07 .46 854.502
.07 .47 885.409
.07 .48 917.729
.07 .49 951.493
.07 .50 986.734
.08 0.01 522.381
.08 .02 511.232
.08 .03 500.862
.08 .04 491.291
.08 .05 482.542
.08 .06 474.638
.08 .07 467.601
.08 .08 461.456
.08 .09 456.227
.08 .10 451.94
.08 .11 448.621
.08 .12 446.296
.08 .13 444.993
.08 .14 444.74
.08 .15 445.565
.08 .16 447.498
.08 .17 450.57
.08 .18 454.812
.08 .19 460.256
.08 .20 466.935
.08 .21 474.883
.08 .22 484.135
.08 .23 494.727
.08 .24 506.694
.08 .25 520.076
.08 .26 534.912
.08 .27 551.24
.08 .28 569.103
.08 .29 588.543
.08 .30 609.603
.08 .31 632.328
.08 .32 656.765
.08 .33 682.96
.08 .34 710.963
.08 .35 740.824
.08 .36 772.594
.08 .37 806.328
.08 .38 842.08
.08 .39 879.907
.08 .40 919.867
.08 .41 962.02
.08 .42 1006.43
.08 .43 1053.16
.08 .44 1102.27
.08 .45 1153.83
.08 .46 1207.92
.08 .47 1264.6
.08 .48 1323.96
.08 .49 1386.06
.08 .50 1450.98
.09 0.01 519.797
.09 .02 506.333
.09 .03 493.926
.09 .04 482.612
.09 .05 472.428
.09 .06 463.411
.09 .07 455.6
.09 .08 449.036
.09 .09 443.759
.09 .10 439.812
.09 .11 437.239
.09 .12 436.087
.09 .13 436.4
.09 .14 438.228
.09 .15 441.621
.09 .16 446.63
.09 .17 453.308
.09 .18 461.711
.09 .19 471.895
.09 .20 483.918
.09 .21 497.841
.09 .22 513.726
.09 .23 531.639
.09 .24 551.646
.09 .25 573.816
.09 .26 598.221
.09 .27 624.934
.09 .28 654.032
.09 .29 685.594
.09 .30 719.701
.09 .31 756.439
.09 .32 795.895
.09 .33 838.159
.09 .34 883.326
.09 .35 931.493
.09 .36 982.761
.09 .37 1037.23
.09 .38 1095.02
.09 .39 1156.24
.09 .40 1220.99
.09 .41 1289.41
.09 .42 1361.62
.09 .43 1437.75
.09 .44 1517.93
.09 .45 1602.31
.09 .46 1691.03
.09 .47 1784.24
.09 .48 1882.09
.09 .49 1984.77
.09 .50 2092.42
.10 0.01 517.165
1.0 0.01 569.081
10 0.01 544.238
1 0.01 569.081
.10 .02 501.33
1.0 .02 609.98
10 .02 559.061
.10 .03 486.831
1.0 .03 657.265
10 .03 578.999
.10 .04 473.72
1.0 .04 711.233
10 .04 604.294
.10 .05 462.052
1.0 .05 772.193
10 .05 635.204
10 0.5 16412.5
.10 .06 451.884
1.0 .06 840.47
10 .06 671.995
.10 .07 443.272
1.0 .07 916.403
10 .07 714.95
.10 .08 436.278
1.0 .08 1000.35
10 .08 764.363
.10 .09 430.964
1.0 .09 1092.68
10 .09 820.543
.10 .10 427.396
1.0 .10 1193.8
10 .10 883.814
.10 .11 425.639
1.0 .11 1304.1
10 .11 954.516
.10 .12 425.764
1.0 .12 1424.02
10 .12 1033.01
.10 .13 427.843
1.0 .13 1554.01
10 .13 1119.66
.10 .14 431.951
1.0 .14 1694.55
10 .14 1214.87
.10 .15 438.166
1.0 .15 1846.13
10 .15 1319.06
.10 .16 446.568
1.0 .16 2009.28
10 .16 1432.65
.10 .17 457.24
1.0 .17 2184.54
10 .17 1556.1
.10 .18 470.271
1.0 .18 2372.5
10 .18 1689.91
.10 .19 485.749
1.0 .19 2573.77
10 .19 1834.56
.10 .20 503.768
1.0 .20 2788.97
10 .20 1990.6
.10 .21 524.426
1.0 .21 3018.79
10 .21 2158.59
.10 .22 547.824
1.0 .22 3263.93
10 .22 2339.12
.10 .23 574.065
1.0 .23 3525.14
10 .23 2532.82
.10 .24 603.259
1.0 .24 3803.21
10 .24 2740.34
.10 .25 635.52
1.0 .25 4098.96
10 .25 2962.38
.10 .26 670.965
1.0 .26 4413.26
10 .26 3199.67
.10 .27 709.716
1.0 .27 4747.04
10 .27 3452.99
.10 .28 751.901
1.0 .28 5101.27
10 .28 3723.15
.10 .29 797.652
1.0 .29 5476.98
10 .29 4011.03
1 .02 609.98
.10 .30 847.106
1.0 .30 5875.25
10 .30 4317.53
.10 .31 900.408
1.0 .31 6297.22
10 .31 4643.64
.10 .32 957.706
1.0 .32 6744.13
10 .32 4990.37
.10 .33 1019.16
1.0 .33 7217.23
10 .33 5358.81
.10 .34 1084.92
1.0 .34 7717.91
10 .34 5750.13
.10 .35 1155.17
1.0 .35 8247.59
10 .35 6165.53
.10 .36 1230.07
1.0 .36 8807.8
10 .36 6606.33
.10 .37 1309.82
1.0 .37 9400.16
10 .37 7073.91
.10 .38 1394.6
1.0 .38 10026.4
10 .38 7569.74
.10 .39 1484.62
1.0 .39 10688.3
10 .39 8095.37
1 .03 657.265
.10 .40 1580.07
1.0 .40 11387.9
10 .40 8652.49
.10 .41 1681.19
1.0 .41 12127.2
10 .41 9242.85
.10 .42 1788.19
1.0 .42 12908.3
10 .42 9868.36
.10 .43 1901.32
1.0 .43 13733.7
10 .43 10531
.10 .44 2020.81
1.0 .44 14605.8
10 .44 11233
.10 .45 2146.94
1.0 .45 15527.3
10 .45 11976.7
.10 .46 2279.97
1.0 .46 16501.1
10 .46 12764.4
.10 .47 2420.19
1.0 .47 17530.1
10 .47 13598.9
.10 .48 2567.89
1.0 .48 18617.6
10 .48 14483
.10 .49 2723.39
1.0 .49 19767
10 .49 15419.8
1 .04 711.233
.10 .50 2887.01
1.0 .50 20982.2
10 .50 16412.5
1 .05 772.193
1 .06 840.47
1 .07 916.403
1 .08 1000.35
1 .09 1092.68
1 .10 1193.8
1 .11 1304.1
1 .12 1424.02
1 .13 1554.01
1 .14 1694.55
1 .15 1846.13
1 .16 2009.28
1 .17 2184.54
1 .18 2372.5
1 .19 2573.77
1 .20 2788.97
1 .21 3018.79
1 .22 3263.93
1 .23 3525.14
1 .24 3803.21
1 .25 4098.96
1 .26 4413.26
1 .27 4747.04
1 .28 5101.27
1 .29 5476.98
1 .30 5875.25
1 .31 6297.22
1 .32 6744.13
1 .33 7217.23
1 .34 7717.91
1 .35 8247.59
1 .36 8807.8
1 .37 9400.16
1 .38 10026.4
1 .39 10688.3
1 .40 11387.9
1 .41 12127.2
1 .42 12908.3
1 .43 13733.7
1 .44 14605.8
1 .45 15527.3
1 .46 16501.1
1 .47 17530.1
1 .48 18617.6
1 .49 19767
1 .50 20982.2
.2 0.01 507.323
2 0.01 518.705
.2 .02 481.323
2 .02 505.847
.2 .03 456.384
2 .03 495.846
.2 .04 432.612
2 .04 488.844
.2 .05 410.121
2 .05 484.988
.2 .06 389.034
2 .06 484.434
.2 .07 369.481
2 .07 487.342
.2 .08 351.602
2 .08 493.882
.2 .09 335.548
2 .09 504.231
.2 .10 321.481
2 .10 518.573
.2 .11 309.573
2 .11 537.103
.2 .12 300.009
2 .12 560.024
.2 .13 292.989
2 .13 587.547
.2 .14 288.726
2 .14 619.897
.2 .15 287.45
2 .15 657.306
.2 .16 289.407
2 .16 700.019
.2 .17 294.86
2 .17 748.292
.2 .18 304.095
2 .18 802.394
.2 .19 317.415
2 .19 862.607
.2 .20 335.15
2 .20 929.227
.2 .21 357.652
2 .21 1002.57
.2 .22 385.301
2 .22 1082.95
.2 .23 418.504
2 .23 1170.71
.2 .24 457.702
2 .24 1266.23
.2 .25 503.369
2 .25 1369.86
.2 .26 556.015
2 .26 1482.02
.2 .27 616.19
2 .27 1603.12
.2 .28 684.488
2 .28 1733.6
.2 .29 761.551
2 .29 1873.91
.2 .30 848.069
2 .30 2024.56
.2 .31 944.791
2 .31 2186.05
.2 .32 1052.53
2 .32 2358.91
.2 .33 1172.15
2 .33 2543.73
.2 .34 1304.6
2 .34 2741.1
.2 .35 1450.91
2 .35 2951.66
.2 .36 1612.19
2 .36 3176.07
.2 .37 1789.65
2 .37 3415.04
.2 .38 1984.59
2 .38 3669.31
.2 .39 2198.44
2 .39 3939.68
.2 .40 2432.74
2 .40 4226.98
.2 .41 2689.17
2 .41 4532.09
.2 .42 2969.57
2 .42 4855.94
.2 .43 3275.93
2 .43 5199.53
.2 .44 3610.43
2 .44 5563.89
.2 .45 3975.45
2 .45 5950.16
.2 .46 4373.59
2 .46 6359.5
.2 .47 4807.69
2 .47 6793.16
.2 .48 5280.89
2 .48 7252.49
.2 .49 5796.58
2 .49 7738.89
.2 .50 6358.54
2 .50 8253.88
.3 0.01 564.808
3 0.01 537.664
.3 .02 599.653
3 .02 542.797
.3 .03 639.074
3 .03 549.767
.3 .04 683.337
3 .04 558.659
.3 .05 732.727
3 .05 569.563
.3 .06 787.546
3 .06 582.573
.3 .07 848.11
3 .07 597.787
.3 .08 914.758
3 .08 615.306
.3 .09 987.847
3 .09 635.237
.3 .10 1067.76
3 .10 657.692
.3 .11 1154.89
3 .11 682.787
.3 .12 1249.67
3 .12 710.643
.3 .13 1352.56
3 .13 741.389
.3 .14 1464.03
3 .14 775.157
.3 .15 1584.6
3 .15 812.086
.3 .16 1714.8
3 .16 852.322
.3 .17 1855.23
3 .17 896.018
.3 .18 2006.48
3 .18 943.333
.3 .19 2169.23
3 .19 994.434
.3 .20 2344.16
3 .20 1049.5
.3 .21 2532.02
3 .21 1108.7
.3 .22 2733.61
3 .22 1172.24
.3 .23 2949.75
3 .23 1240.32
.3 .24 3181.37
3 .24 1313.14
.3 .25 3429.41
3 .25 1390.94
.3 .26 3694.92
3 .26 1473.93
.3 .27 3978.98
3 .27 1562.37
.3 .28 4282.77
3 .28 1656.5
.3 .29 4607.56
3 .29 1756.6
.3 .30 4954.69
3 .30 1862.94
.3 .31 5325.6
3 .31 1975.83
.3 .32 5721.85
3 .32 2095.57
.3 .33 6145.09
3 .33 2222.48
.3 .34 6597.12
3 .34 2356.91
.3 .35 7079.85
3 .35 2499.22
.3 .36 7595.35
3 .36 2649.79
.3 .37 8145.83
3 .37 2809.02
.3 .38 8733.7
3 .38 2977.32
.3 .39 9361.53
3 .39 3155.13
.3 .40 10032.1
3 .40 3342.93
.3 .41 10748.4
3 .41 3541.2
.3 .42 11513.8
3 .42 3750.46
.3 .43 12331.7
3 .43 3971.26
.3 .44 13205.9
3 .44 4204.17
.3 .45 14140.6
3 .45 4449.79
.3 .46 15140.2
3 .46 4708.78
.3 .47 16209.7
3 .47 4981.81
.3 .48 17354.4
3 .48 5269.59
.3 .49 18580
3 .49 5572.88
.3 .50 19892.8
3 .50 5892.49
.4 0.01 610.594
4 0.01 527.844
.4 .02 696.325
4 .02 522.554
.4 .03 791.891
4 .03 518.479
.4 .04 897.728
4 .04 515.682
.4 .05 1014.29
4 .05 514.232
.4 .06 1142.05
4 .06 514.198
.4 .07 1281.5
4 .07 515.655
.4 .08 1433.17
4 .08 518.68
.4 .09 1597.6
4 .09 523.355
.4 .10 1775.36
4 .10 529.764
.4 .11 1967.05
4 .11 537.996
.4 .12 2173.3
4 .12 548.144
.4 .13 2394.77
4 .13 560.307
.4 .14 2632.15
4 .14 574.588
.4 .15 2886.16
4 .15 591.093
.4 .16 3157.56
4 .16 609.936
.4 .17 3447.16
4 .17 631.235
.4 .18 3755.8
4 .18 655.114
.4 .19 4084.36
4 .19 681.704
.4 .20 4433.76
4 .20 711.142
.4 .21 4805
4 .21 743.572
.4 .22 5199.09
4 .22 779.144
.4 .23 5617.13
4 .23 818.018
.4 .24 6060.26
4 .24 860.36
.4 .25 6529.67
4 .25 906.345
.4 .26 7026.66
4 .26 956.157
.4 .27 7552.54
4 .27 1009.99
.4 .28 8108.75
4 .28 1068.05
.4 .29 8696.78
4 .29 1130.55
.4 .30 9318.21
4 .30 1197.71
.4 .31 9974.72
4 .31 1269.78
.4 .32 10668.1
4 .32 1347
.4 .33 11400.1
4 .33 1429.64
.4 .34 12172.9
4 .34 1517.97
.4 .35 12988.5
4 .35 1612.3
.4 .36 13849.2
4 .36 1712.91
.4 .37 14757.3
4 .37 1820.15
.4 .38 15715.3
4 .38 1934.36
.4 .39 16726
4 .39 2055.9
.4 .40 17792.1
4 .40 2185.15
.4 .41 18916.8
4 .41 2322.52
.4 .42 20103.3
4 .42 2468.44
.4 .43 21355
4 .43 2623.35
.4 .44 22675.6
4 .44 2787.75
.4 .45 24069.2
4 .45 2962.13
.4 .46 25539.8
4 .46 3147.03
.4 .47 27092.1
4 .47 3343.02
.4 .48 28730.9
4 .48 3550.71
.4 .49 30461.4
4 .49 3770.73
.4 .50 32289.2
4 .50 4003.76
.5 0.01 559.995
5 0.01 561.941
.5 .02 590.922
5 .02 592.714
.5 .03 627.259
5 .03 626.701
.5 .04 669.202
5 .04 664.001
.5 .05 716.957
5 .05 704.715
.5 .06 770.738
5 .06 748.946
.5 .07 830.767
5 .07 796.804
.5 .08 897.274
5 .08 848.399
.5 .09 970.501
5 .09 903.845
.5 .10 1050.69
5 .10 963.261
.5 .11 1138.12
5 .11 1026.77
.5 .12 1233.04
5 .12 1094.5
.5 .13 1335.73
5 .13 1166.57
.5 .14 1446.5
5 .14 1243.13
.5 .15 1565.65
5 .15 1324.31
.5 .16 1693.49
5 .16 1410.25
.5 .17 1830.36
5 .17 1501.11
.5 .18 1976.59
5 .18 1597.03
.5 .19 2132.55
5 .19 1698.18
.5 .20 2298.62
5 .20 1804.72
.5 .21 2475.19
5 .21 1916.82
.5 .22 2662.66
5 .22 2034.64
.5 .23 2861.47
5 .23 2158.39
.5 .24 3072.05
5 .24 2288.23
.5 .25 3294.88
5 .25 2424.37
.5 .26 3530.45
5 .26 2567
.5 .27 3779.26
5 .27 2716.34
.5 .28 4041.85
5 .28 2872.59
.5 .29 4318.78
5 .29 3035.99
.5 .30 4610.64
5 .30 3206.75
.5 .31 4918.04
5 .31 3385.13
.5 .32 5241.62
5 .32 3571.36
.5 .33 5582.06
5 .33 3765.71
.5 .34 5940.07
5 .34 3968.43
.5 .35 6316.4
5 .35 4179.81
.5 .36 6711.83
5 .36 4400.13
.5 .37 7127.19
5 .37 4629.69
.5 .38 7563.34
5 .38 4868.8
.5 .39 8021.2
5 .39 5117.77
.5 .40 8501.72
5 .40 5376.93
.5 .41 9005.93
5 .41 5646.64
.5 .42 9534.9
5 .42 5927.25
.5 .43 10089.8
5 .43 6219.13
.5 .44 10671.7
5 .44 6522.66
.5 .45 11282
5 .45 6838.26
.5 .46 11921.9
5 .46 7166.33
.5 .47 12593
5 .47 7507.32
.5 .48 13296.7
5 .48 7861.67
.5 .49 14034.6
5 .49 8229.85
.5 .50 14808.3
5 .50 8612.37
.6 0.01 494.919
6 0.01 516.887
.6 .02 461.314
6 .02 501.315
.6 .03 433.723
6 .03 487.694
.6 .04 412.409
6 .04 476.152
.6 .05 397.649
6 .05 466.824
.6 .06 389.729
6 .06 459.852
.6 .07 388.949
6 .07 455.387
.6 .08 395.621
6 .08 453.588
.6 .09 410.072
6 .09 454.624
.6 .10 432.642
6 .10 458.672
.6 .11 463.689
6 .11 465.919
.6 .12 503.583
6 .12 476.565
.6 .13 552.714
6 .13 490.819
.6 .14 611.489
6 .14 508.903
.6 .15 680.331
6 .15 531.051
.6 .16 759.686
6 .16 557.513
.6 .17 850.019
6 .17 588.55
.6 .18 951.817
6 .18 624.442
.6 .19 1065.59
6 .19 665.482
.6 .20 1191.87
6 .20 711.984
.6 .21 1331.22
6 .21 764.276
.6 .22 1484.23
6 .22 822.711
.6 .23 1651.51
6 .23 887.659
.6 .24 1833.71
6 .24 959.514
.6 .25 2031.49
6 .25 1038.69
.6 .26 2245.59
6 .26 1125.64
.6 .27 2476.73
6 .27 1220.83
.6 .28 2725.72
6 .28 1324.76
.6 .29 2993.36
6 .29 1437.95
.6 .30 3280.54
6 .30 1560.99
.6 .31 3588.16
6 .31 1694.45
.6 .32 3917.18
6 .32 1838.99
.6 .33 4268.63
6 .33 1995.28
.6 .34 4643.55
6 .34 2164.05
.6 .35 5043.09
6 .35 2346.06
.6 .36 5468.43
6 .36 2542.13
.6 .37 5920.82
6 .37 2753.15
.6 .38 6401.58
6 .38 2980.04
.6 .39 6912.12
6 .39 3223.8
.6 .40 7453.92
6 .40 3485.49
.6 .41 8028.54
6 .41 3766.25
.6 .42 8637.64
6 .42 4067.3
.6 .43 9282.98
6 .43 4389.92
.6 .44 9966.42
6 .44 4735.52
.6 .45 10689.9
6 .45 5105.58
.6 .46 11455.7
6 .46 5501.7
.6 .47 12265.8
6 .47 5925.59
.6 .48 13122.7
6 .48 6379.08
.6 .49 14028.9
6 .49 6864.16
.6 .50 14987.2
6 .50 7382.93
.7 0.01 488.906
7 0.01 538.798
.7 .02 449.388
7 .02 544.91
.7 .03 416.008
7 .03 552.702
.7 .04 389.055
7 .04 562.259
.7 .05 368.831
7 .05 573.664
.7 .06 355.651
7 .06 587.009
.7 .07 349.845
7 .07 602.386
.7 .08 351.758
7 .08 619.894
.7 .09 361.752
7 .09 639.637
.7 .10 380.203
7 .10 661.721
.7 .11 407.508
7 .11 686.26
.7 .12 444.08
7 .12 713.372
.7 .13 490.354
7 .13 743.18
.7 .14 546.782
7 .14 775.815
.7 .15 613.842
7 .15 811.413
.7 .16 692.031
7 .16 850.116
.7 .17 781.874
7 .17 892.075
.7 .18 883.919
7 .18 937.445
.7 .19 998.742
7 .19 986.392
.7 .20 1126.95
7 .20 1039.09
.7 .21 1269.17
7 .21 1095.72
.7 .22 1426.08
7 .22 1156.47
.7 .23 1598.37
7 .23 1221.54
.7 .24 1786.78
7 .24 1291.14
.7 .25 1992.09
7 .25 1365.5
.7 .26 2215.1
7 .26 1444.85
.7 .27 2456.69
7 .27 1529.42
.7 .28 2717.74
7 .28 1619.48
.7 .29 2999.22
7 .29 1715.3
.7 .30 3302.13
7 .30 1817.16
.7 .31 3627.52
7 .31 1925.37
.7 .32 3976.5
7 .32 2040.24
.7 .33 4350.27
7 .33 2162.09
.7 .34 4750.06
7 .34 2291.29
.7 .35 5177.18
7 .35 2428.21
.7 .36 5633.02
7 .36 2573.23
.7 .37 6119.07
7 .37 2726.76
.7 .38 6636.86
7 .38 2889.25
.7 .39 7188.06
7 .39 3061.15
.7 .40 7774.41
7 .40 3242.94
.7 .41 8397.76
7 .41 3435.15
.7 .42 9060.08
7 .42 3638.32
.7 .43 9763.46
7 .43 3853.01
.7 .44 10510.1
7 .44 4079.85
.7 .45 11302.4
7 .45 4319.47
.7 .46 12142.9
7 .46 4572.55
.7 .47 13034.2
7 .47 4839.84
.7 .48 13979.2
7 .48 5122.09
.7 .49 14980.9
7 .49 5420.11
.7 .50 16042.7
7 .50 5734.79
.8 0.01 528.896
8 0.01 543.772
.8 .02 529.429
8 .02 554.94
.8 .03 536.152
8 .03 567.871
.8 .04 549.346
8 .04 582.644
.8 .05 569.304
8 .05 599.338
.8 .06 596.333
8 .06 618.039
.8 .07 630.753
8 .07 638.835
.8 .08 672.901
8 .08 661.817
.8 .09 723.128
8 .09 687.082
.8 .10 781.8
8 .10 714.731
.8 .11 849.302
8 .11 744.867
.8 .12 926.038
8 .12 777.599
.8 .13 1012.43
8 .13 813.042
.8 .14 1108.92
8 .14 851.315
.8 .15 1215.96
8 .15 892.542
.8 .16 1334.06
8 .16 936.852
.8 .17 1463.71
8 .17 984.382
.8 .18 1605.45
8 .18 1035.27
.8 .19 1759.85
8 .19 1089.67
.8 .20 1927.49
8 .20 1147.74
.8 .21 2108.99
8 .21 1209.63
.8 .22 2305
8 .22 1275.51
.8 .23 2516.21
8 .23 1345.58
.8 .24 2743.33
8 .24 1420
.8 .25 2987.14
8 .25 1498.97
.8 .26 3248.41
8 .26 1582.7
.8 .27 3528
8 .27 1671.4
.8 .28 3826.78
8 .28 1765.3
.8 .29 4145.69
8 .29 1864.62
.8 .30 4485.72
8 .30 1969.62
.8 .31 4847.9
8 .31 2080.55
.8 .32 5233.33
8 .32 2197.68
.8 .33 5643.17
8 .33 2321.3
.8 .34 6078.64
8 .34 2451.7
.8 .35 6541.04
8 .35 2589.2
.8 .36 7031.73
8 .36 2734.12
.8 .37 7552.18
8 .37 2886.82
.8 .38 8103.92
8 .38 3047.65
.8 .39 8688.58
8 .39 3216.99
.8 .40 9307.89
8 .40 3395.25
.8 .41 9963.69
8 .41 3582.85
.8 .42 10657.9
8 .42 3780.24
.8 .43 11392.7
8 .43 3987.88
.8 .44 12170.2
8 .44 4206.27
.8 .45 12992.8
8 .45 4435.93
.8 .46 13862.9
8 .46 4677.41
.8 .47 14783.4
8 .47 4931.3
.8 .48 15756.9
8 .48 5198.19
.8 .49 16786.7
8 .49 5478.76
.8 .50 17875.9
8 .50 5773.66
.9 0.01 561.414
9 0.01 526.911
.9 .02 595.156
9 .02 520.781
.9 .03 635.814
9 .03 515.968
.9 .04 683.703
9 .04 512.54
.9 .05 739.153
9 .05 510.567
.9 .06 802.509
9 .06 510.125
.9 .07 874.132
9 .07 511.29
.9 .08 954.4
9 .08 514.144
.9 .09 1043.71
9 .09 518.773
.9 .10 1142.47
9 .10 525.265
.9 .11 1251.12
9 .11 533.713
.9 .12 1370.12
9 .12 544.216
.9 .13 1499.93
9 .13 556.874
.9 .14 1641.07
9 .14 571.796
.9 .15 1794.05
9 .15 589.094
.9 .16 1959.42
9 .16 608.884
.9 .17 2137.76
9 .17 631.29
.9 .18 2329.68
9 .18 656.441
.9 .19 2535.82
9 .19 684.471
.9 .20 2756.83
9 .20 715.524
.9 .21 2993.43
9 .21 749.746
.9 .22 3246.35
9 .22 787.295
.9 .23 3516.36
9 .23 828.333
.9 .24 3804.3
9 .24 873.033
.9 .25 4111.01
9 .25 921.574
.9 .26 4437.41
9 .26 974.145
.9 .27 4784.44
9 .27 1030.95
.9 .28 5153.12
9 .28 1092.18
.9 .29 5544.5
9 .29 1158.08
.9 .30 5959.71
9 .30 1228.86
.9 .31 6399.93
9 .31 1304.77
.9 .32 6866.41
9 .32 1386.06
.9 .33 7360.46
9 .33 1473.01
.9 .34 7883.49
9 .34 1565.89
.9 .35 8436.96
9 .35 1664.99
.9 .36 9022.45
9 .36 1770.64
.9 .37 9641.6
9 .37 1883.16
.9 .38 10296.2
9 .38 2002.89
.9 .39 10988
9 .39 2130.21
.9 .40 11719.1
9 .40 2265.48
.9 .41 12491.6
9 .41 2409.13
.9 .42 13307.6
9 .42 2561.58
.9 .43 14169.6
9 .43 2723.28
.9 .44 15080.1
9 .44 2894.7
.9 .45 16041.7
9 .45 3076.35
.9 .46 17057.3
9 .46 3268.76
.9 .47 18130
9 .47 3472.5
.9 .48 19263.1
9 .48 3688.15
.9 .49 20460
9 .49 3916.34
.9 .50 21724.4
9 .50 4157.75
