0 0 758.551
0 1 758.551
0 2 758.551
0 3 758.551
0 4 758.551
0 5 758.551
0 6 758.551
0 7 758.551
0 8 758.551
0 9 758.551
0 10 758.551
0 11 758.551
0 12 758.551
0 13 758.551
0 14 758.551
0 15 758.551
0 16 758.551
0 17 758.551
0 18 758.551
0 19 758.551
0 20 758.551
1 0 758.551
1 1 758.558
1 2 758.564
1 3 758.571
1 4 758.578
1 5 758.586
1 6 758.593
1 7 758.601
1 8 758.61
1 9 758.618
1 10 758.627
1 11 758.635
1 12 758.645
1 13 758.654
1 14 758.664
1 15 758.674
1 16 758.684
1 17 758.694
1 18 758.705
1 19 758.716
1 20 758.727
2 0 758.551
2 1 758.573
2 2 758.599
2 3 758.629
2 4 758.662
2 5 758.699
2 6 758.741
2 7 758.786
2 8 758.835
2 9 758.888
2 10 758.945
2 11 759.006
2 12 759.071
2 13 759.139
2 14 759.212
2 15 759.289
2 16 759.371
2 17 759.456
2 18 759.545
2 19 759.639
2 20 759.736
3 0 758.551
3 1 758.587
3 2 758.641
3 3 758.713
3 4 758.803
3 5 758.912
3 6 759.04
3 7 759.186
3 8 759.352
3 9 759.537
3 10 759.742
3 11 759.967
3 12 760.211
3 13 760.476
3 14 760.761
3 15 761.067
3 16 761.394
3 17 761.741
3 18 762.111
3 19 762.501
3 20 762.914
4 0 758.551
4 1 758.581
4 2 758.663
4 3 758.797
4 4 758.984
4 5 759.226
4 6 759.523
4 7 759.877
4 8 760.287
4 9 760.756
4 10 761.285
4 11 761.874
4 12 762.525
4 13 763.239
4 14 764.017
4 15 764.859
4 16 765.769
4 17 766.745
4 18 767.791
4 19 768.906
4 20 770.093
5 0 758.551
5 1 758.532
5 2 758.624
5 3 758.829
5 4 759.15
5 5 759.592
5 6 760.156
5 7 760.846
5 8 761.666
5 9 762.618
5 10 763.708
5 11 764.937
5 12 766.311
5 13 767.833
5 14 769.507
5 15 771.337
5 16 773.328
5 17 775.483
5 18 777.808
5 19 780.307
5 20 782.986
6 0 758.551
6 1 758.412
6 2 758.468
6 3 758.727
6 4 759.195
6 5 759.88
6 6 760.791
6 7 761.934
6 8 763.319
6 9 764.954
6 10 766.848
6 11 769.011
6 12 771.452
6 13 774.182
6 14 777.211
6 15 780.55
6 16 784.211
6 17 788.205
6 18 792.546
6 19 797.246
6 20 802.318
7 0 758.551
7 1 758.192
7 2 758.132
7 3 758.384
7 4 758.963
7 5 759.882
7 6 761.158
7 7 762.806
7 8 764.842
7 9 767.285
7 10 770.152
7 11 773.463
7 12 777.239
7 13 781.499
7 14 786.268
7 15 791.568
7 16 797.424
7 17 803.862
7 18 810.909
7 19 818.595
7 20 826.95
8 0 758.551
8 1 757.848
8 2 757.552
8 3 757.687
8 4 758.274
8 5 759.336
8 6 760.9
8 7 762.991
8 8 765.637
8 9 768.868
8 10 772.715
8 11 777.21
8 12 782.39
8 13 788.291
8 14 794.952
8 15 802.416
8 16 810.726
8 17 819.929
8 18 830.075
8 19 841.218
8 20 853.413
9 0 758.551
9 1 757.364
9 2 756.683
9 3 756.539
9 4 756.964
9 5 757.991
9 6 759.656
9 7 761.997
9 8 765.054
9 9 768.87
9 10 773.491
9 11 778.965
9 12 785.344
9 13 792.684
9 14 801.044
9 15 810.486
9 16 821.079
9 17 832.894
9 18 846.008
9 19 860.504
9 20 876.471
10 0 758.551
10 1 756.738
10 2 755.506
10 3 754.892
10 4 754.937
10 5 755.684
10 6 757.176
10 7 759.464
10 8 762.599
10 9 766.635
10 10 771.633
10 11 777.655
10 12 784.769
10 13 793.048
10 14 802.569
10 15 813.415
10 16 825.677
10 17 839.45
10 18 854.838
10 19 871.952
10 20 890.913
11 0 758.551
11 1 755.986
11 2 754.043
11 3 752.767
11 4 752.204
11 5 752.403
11 6 753.418
11 7 755.304
11 8 758.123
11 9 761.94
11 10 766.824
11 11 772.85
11 12 780.098
11 13 788.654
11 14 798.611
11 15 810.069
11 16 823.135
11 17 837.924
11 18 854.561
11 19 873.181
11 20 893.931
12 0 758.551
12 1 755.138
12 2 752.36
12 3 750.263
12 4 748.899
12 5 748.322
12 6 748.59
12 7 749.767
12 8 751.918
12 9 755.118
12 10 759.442
12 11 764.976
12 12 771.808
12 13 780.035
12 14 789.761
12 15 801.1
12 16 814.172
12 17 829.109
12 18 846.053
12 19 865.156
12 20 886.587
13 0 758.551
13 1 754.244
13 2 750.56
13 3 747.55
13 4 745.268
13 5 743.772
13 6 743.126
13 7 743.397
13 8 744.658
13 9 746.989
13 10 750.474
13 11 755.204
13 12 761.28
13 13 768.807
13 14 777.903
13 15 788.691
13 16 801.309
13 17 815.904
13 18 832.636
13 19 851.679
13 20 873.221
14 0 758.551
14 1 753.362
14 2 748.775
14 3 744.843
14 4 741.625
14 5 739.184
14 6 737.587
14 7 736.908
14 8 737.228
14 9 738.631
14 10 741.212
14 11 745.071
14 12 750.32
14 13 757.077
14 14 765.473
14 15 775.649
14 16 787.76
14 17 801.973
14 18 818.473
14 19 837.458
14 20 859.15
15 0 758.551
15 1 752.556
15 2 747.143
15 3 742.371
15 4 738.303
15 5 735.005
15 6 732.553
15 7 731.025
15 8 730.51
15 9 731.103
15 10 732.906
15 11 736.033
15 12 740.606
15 13 746.76
15 14 754.642
15 15 764.412
15 16 776.245
15 17 790.333
15 18 806.887
15 19 826.138
15 20 848.341
16 0 758.551
16 1 751.889
16 2 745.801
16 3 740.35
16 4 735.604
16 5 731.635
16 6 728.523
16 7 726.356
16 8 725.229
16 9 725.245
16 10 726.518
16 11 729.172
16 12 733.343
16 13 739.179
16 14 746.844
16 15 756.515
16 16 768.389
16 17 782.68
16 18 799.625
16 19 819.484
16 20 842.543
17 0 758.551
17 1 751.418
17 2 744.865
17 3 738.96
17 4 733.773
17 5 729.383
17 6 725.874
17 7 723.341
17 8 721.885
17 9 721.617
17 10 722.66
17 11 725.146
17 12 729.221
17 13 735.047
17 14 742.797
17 15 752.666
17 16 764.864
17 17 779.624
17 18 797.201
17 19 817.878
17 20 841.965
18 0 758.551
18 1 751.189
18 2 744.427
18 3 738.335
18 4 732.987
18 5 728.465
18 6 724.859
18 7 722.265
18 8 720.792
18 9 720.555
18 10 721.682
18 11 724.312
18 12 728.599
18 13 734.711
18 14 742.831
18 15 753.16
18 16 765.922
18 17 781.358
18 18 799.737
18 19 821.355
18 20 846.535
19 0 758.551
19 1 751.235
19 2 744.55
19 3 738.567
19 4 733.363
19 5 729.023
19 6 725.638
19 7 723.31
19 8 722.148
19 9 722.272
19 10 723.814
19 11 726.916
19 12 731.736
19 13 738.447
19 14 747.237
19 15 758.312
19 16 771.902
19 17 788.255
19 18 807.645
19 19 830.376
19 20 856.779
20 0 758.551
20 1 751.574
20 2 745.269
20 3 739.708
20 4 734.97
20 5 731.143
20 6 728.32
20 7 726.604
20 8 726.108
20 9 726.954
20 10 729.276
20 11 733.22
20 12 738.947
20 13 746.632
20 14 756.466
20 15 768.662
20 16 783.448
20 17 801.081
20 18 821.837
20 19 846.024
20 20 873.98
