0 0 944.295
0 1 944.295
0 2 944.295
0 3 944.295
0 4 944.295
0 5 944.295
0 6 944.295
0 7 944.295
0 8 944.295
0 9 944.295
0 10 944.295
0 11 944.295
0 12 944.295
0 13 944.295
0 14 944.295
0 15 944.295
0 16 944.295
0 17 944.295
0 18 944.295
0 19 944.295
0 20 944.295
1 0 944.295
1 1 943.955
1 2 943.616
1 3 943.278
1 4 942.942
1 5 942.607
1 6 942.273
1 7 941.94
1 8 941.609
1 9 941.279
1 10 940.95
1 11 940.622
1 12 940.295
1 13 939.97
1 14 939.646
1 15 939.323
1 16 939.001
1 17 938.681
1 18 938.362
1 19 938.044
1 20 937.727
