6 0 944.295
6 1 933.764
6 2 924.147
6 3 915.471
6 4 907.77
6 5 901.075
6 6 895.419
6 7 890.835
6 8 887.361
6 9 885.031
6 10 883.883
6 11 883.956
6 12 885.289
6 13 887.924
6 14 891.903
6 15 897.27
6 16 904.07
6 17 912.349
6 18 922.156
6 19 933.54
6 20 946.553
7 0 944.295
7 1 930.679
7 2 918.426
7 3 907.594
7 4 898.243
7 5 890.437
7 6 884.241
7 7 879.721
7 8 876.95
7 9 876
7 10 876.946
7 11 879.87
7 12 884.852
7 13 891.98
7 14 901.341
7 15 913.03
7 16 927.143
7 17 943.78
7 18 963.047
7 19 985.053
7 20 1009.91
8 0 944.295
8 1 927.515
8 2 912.531
8 3 899.437
8 4 888.331
8 5 879.317
8 6 872.503
8 7 868.001
8 8 865.932
8 9 866.418
8 10 869.59
8 11 875.586
8 12 884.547
8 13 896.626
8 14 911.978
8 15 930.771
8 16 953.178
8 17 979.382
8 18 1009.57
8 19 1043.96
8 20 1082.74
9 0 944.295
9 1 924.414
9 2 906.652
9 3 891.138
9 4 878.013
9 5 867.423
9 6 859.521
9 7 854.472
9 8 852.447
9 9 853.627
9 10 858.206
9 11 866.384
9 12 878.377
9 13 894.411
9 14 914.725
9 15 939.573
9 16 969.222
9 17 1003.96
9 18 1044.07
9 19 1089.9
