0 0 985.363
0 1 985.363
0 2 985.363
0 3 985.363
0 4 985.363
0 5 985.363
0 6 985.363
0 7 985.363
0 8 985.363
0 9 985.363
0 10 985.363
0 11 985.363
0 12 985.363
0 13 985.363
0 14 985.363
0 15 985.363
0 16 985.363
0 17 985.363
0 18 985.363
0 19 985.363
0 20 985.363
1 0 985.363
1 1 984.965
1 2 984.567
1 3 984.171
1 4 983.777
1 5 983.384
1 6 982.992
1 7 982.601
1 8 982.212
1 9 981.825
1 10 981.438
1 11 981.054
1 12 980.67
1 13 980.288
1 14 979.907
1 15 979.528
1 16 979.15
1 17 978.773
1 18 978.398
1 19 978.024
1 20 977.651
2 0 985.363
2 1 983.791
2 2 982.24
2 3 980.71
2 4 979.201
2 5 977.714
2 6 976.247
2 7 974.802
2 8 973.378
2 9 971.976
2 10 970.596
2 11 969.237
2 12 967.9
2 13 966.585
2 14 965.291
2 15 964.02
2 16 962.771
2 17 961.545
2 18 960.34
2 19 959.158
2 20 957.999
3 0 985.363
3 1 981.908
3 2 978.551
3 3 975.293
3 4 972.137
3 5 969.081
3 6 966.128
3 7 963.278
3 8 960.532
3 9 957.891
3 10 955.356
3 11 952.927
3 12 950.607
3 13 948.395
3 14 946.293
3 15 944.301
3 16 942.421
3 17 940.654
3 18 939
3 19 937.461
3 20 936.037
4 0 985.363
4 1 979.412
4 2 973.742
4 3 968.359
4 4 963.266
4 5 958.469
4 6 953.971
4 7 949.777
4 8 945.892
4 9 942.32
4 10 939.067
4 11 936.137
4 12 933.534
4 13 931.264
4 14 929.333
4 15 927.744
4 16 926.503
4 17 925.616
4 18 925.088
4 19 924.924
4 20 925.13
5 0 985.363
5 1 976.423
5 2 968.086
5 3 960.367
5 4 953.279
5 5 946.837
5 6 941.055
5 7 935.948
5 8 931.532
5 9 927.823
5 10 924.835
5 11 922.587
5 12 921.094
5 13 920.374
5 14 920.443
5 15 921.321
5 16 923.025
5 17 925.574
5 18 928.986
5 19 933.283
5 20 938.483
6 0 985.363
6 1 973.075
6 2 961.848
6 3 951.716
6 4 942.712
6 5 934.872
6 6 928.232
6 7 922.829
6 8 918.702
6 9 915.889
6 10 914.433
6 11 914.374
6 12 915.756
6 13 918.623
6 14 923.021
6 15 928.998
6 16 936.602
6 17 945.884
6 18 956.895
6 19 969.688
6 20 984.32
7 0 985.363
7 1 969.507
7 2 955.262
7 3 942.692
7 4 931.863
7 5 922.847
7 6 915.714
7 7 910.54
7 8 907.401
7 9 906.38
7 10 907.559
7 11 911.026
7 12 916.87
7 13 925.186
7 14 936.07
7 15 949.625
7 16 965.956
7 17 985.171
7 18 1007.39
7 19 1032.72
7 20 1061.29
8 0 985.363
8 1 965.869
8 2 948.543
8 3 933.49
8 4 920.824
8 5 910.658
8 6 903.116
8 7 898.324
8 8 896.415
8 9 897.527
8 10 901.805
8 11 909.403
8 12 920.478
8 13 935.198
8 14 953.737
8 15 976.277
8 16 1003.01
8 17 1034.14
8 18 1069.87
8 19 1110.43
8 20 1156.04
9 0 985.363
9 1 962.323
9 2 941.915
9 3 924.292
9 4 909.614
9 5 898.05
9 6 889.778
9 7 884.984
9 8 883.866
9 9 886.63
9 10 893.494
9 11 904.69
9 12 920.458
9 13 941.056
9 14 966.752
9 15 997.831
9 16 1034.59
9 17 1077.36
9 18 1126.46
9 19 1182.25
9 20 1245.1
10 0 985.363
10 1 959.054
10 2 935.659
10 3 915.373
10 4 898.401
10 5 884.959
10 6 875.279
10 7 869.603
10 8 868.189
10 9 871.311
10 10 879.259
10 11 892.34
10 12 910.879
10 13 935.222
10 14 965.737
10 15 1002.81
10 16 1046.86
10 17 1098.33
10 18 1157.68
10 19 1225.41
10 20 1302.04
11 0 985.363
11 1 956.274
11 2 930.15
11 3 907.213
11 4 887.7
11 5 871.863
11 6 859.97
11 7 852.307
11 8 849.179
11 9 850.909
11 10 857.843
11 11 870.349
11 12 888.821
11 13 913.677
11 14 945.365
11 15 984.363
11 16 1031.18
11 17 1086.36
11 18 1150.49
11 19 1224.2
11 20 1308.14
12 0 985.363
12 1 954.221
12 2 925.871
12 3 900.546
12 4 878.497
12 5 859.992
12 6 845.318
12 7 834.782
12 8 828.712
12 9 827.461
12 10 831.405
12 11 840.949
12 12 856.526
12 13 878.601
12 14 907.672
12 15 944.274
12 16 988.983
12 17 1042.42
12 18 1105.24
12 19 1178.16
12 20 1261.94
13 0 985.363
13 1 953.146
13 2 923.392
13 3 896.334
13 4 872.218
13 5 851.311
13 6 833.9
13 7 820.293
13 8 810.823
13 9 805.846
13 10 805.748
13 11 810.943
13 12 821.88
13 13 839.039
13 14 862.941
13 15 894.146
13 16 933.262
13 17 980.941
13 18 1037.89
13 19 1104.88
13 20 1182.73
14 0 985.363
14 1 953.292
14 2 923.319
14 3 895.661
14 4 870.554
14 5 848.253
14 6 829.033
14 7 813.191
14 8 801.051
14 9 792.961
14 10 789.298
14 11 790.473
14 12 796.928
14 13 809.144
14 14 827.643
14 15 852.989
14 16 885.797
14 17 926.735
14 18 976.525
14 19 1035.96
14 20 1105.89
15 0 985.363
15 1 954.874
15 2 926.207
15 3 899.567
15 4 875.177
15 5 853.279
15 6 834.135
15 7 818.033
15 8 805.282
15 9 796.22
15 10 791.215
15 11 790.667
15 12 795.01
15 13 804.719
15 14 820.31
15 15 842.346
15 16 871.442
15 17 908.267
15 18 953.553
15 19 1008.1
15 20 1072.78
16 0 985.363
16 1 958.046
16 2 932.481
16 3 908.87
16 4 887.43
16 5 868.399
16 6 852.037
16 7 838.625
16 8 828.472
16 9 821.912
16 10 819.31
16 11 821.066
16 12 827.613
16 13 839.427
16 14 857.025
16 15 880.976
16 16 911.899
16 17 950.472
16 18 997.437
16 19 1053.61
16 20 1119.88
17 0 985.363
17 1 962.882
17 2 942.364
17 3 924.022
17 4 908.082
17 5 894.793
17 6 884.426
17 7 877.274
17 8 873.658
17 9 873.925
17 10 878.456
17 11 887.664
17 12 902.002
17 13 921.962
17 14 948.082
17 15 980.951
17 16 1021.21
17 17 1069.56
17 18 1126.78
17 19 1193.71
17 20 1271.26
18 0 985.363
18 1 969.361
18 2 955.84
18 3 945.036
18 4 937.204
18 5 932.621
18 6 931.586
18 7 934.425
18 8 941.49
18 9 953.165
18 10 969.865
18 11 992.043
18 12 1020.19
18 13 1054.84
18 14 1096.59
18 15 1146.05
18 16 1203.93
18 17 1270.99
18 18 1348.04
18 19 1435.99
18 20 1535.84
19 0 985.363
19 1 977.368
19 2 972.65
19 3 971.486
19 4 974.177
19 5 981.044
19 6 992.437
19 7 1008.73
19 8 1030.34
19 9 1057.7
19 10 1091.28
19 11 1131.61
19 12 1179.24
19 13 1234.79
19 14 1298.91
19 15 1372.31
19 16 1455.78
19 17 1550.16
19 18 1656.37
19 19 1775.43
19 20 1908.41
20 0 985.363
20 1 986.698
20 2 992.325
20 3 1002.58
20 4 1017.81
20 5 1038.42
20 6 1064.82
20 7 1097.46
20 8 1136.81
20 9 1183.41
20 10 1237.81
20 11 1300.62
20 12 1372.5
20 13 1454.16
20 14 1546.37
20 15 1649.96
20 16 1765.83
20 17 1894.96
20 18 2038.42
20 19 2197.36
20 20 2373.04
