0 0 980.65
0 1 980.65
0 2 980.65
0 3 980.65
0 4 980.65
0 5 980.65
0 6 980.65
0 7 980.65
0 8 980.65
0 9 980.65
0 10 980.65
0 11 980.65
0 12 980.65
0 13 980.65
0 14 980.65
0 15 980.65
0 16 980.65
0 17 980.65
0 18 980.65
0 19 980.65
0 20 980.65
1 0 980.65
1 1 980.288
1 2 979.927
1 3 979.567
1 4 979.209
1 5 978.852
1 6 978.496
1 7 978.141
1 8 977.788
1 9 977.436
1 10 977.085
1 11 976.736
1 12 976.387
1 13 976.04
1 14 975.695
1 15 975.35
1 16 975.007
1 17 974.665
1 18 974.324
1 19 973.985
1 20 973.647
2 0 980.65
2 1 979.221
2 2 977.812
2 3 976.422
2 4 975.052
2 5 973.701
2 6 972.369
2 7 971.057
2 8 969.764
2 9 968.491
2 10 967.238
2 11 966.005
2 12 964.791
2 13 963.598
2 14 962.425
2 15 961.272
2 16 960.139
2 17 959.027
2 18 957.935
2 19 956.864
2 20 955.813
3 0 980.65
3 1 977.509
3 2 974.458
3 3 971.497
3 4 968.629
3 5 965.853
3 6 963.17
3 7 960.581
3 8 958.087
3 9 955.689
3 10 953.388
3 11 951.184
3 12 949.079
3 13 947.074
3 14 945.169
3 15 943.365
3 16 941.663
3 17 940.065
3 18 938.57
3 19 937.181
3 20 935.898
4 0 980.65
4 1 975.236
4 2 970.079
4 3 965.181
4 4 960.547
4 5 956.181
4 6 952.088
4 7 948.272
4 8 944.736
4 9 941.486
4 10 938.526
4 11 935.861
4 12 933.495
4 13 931.433
4 14 929.679
4 15 928.24
4 16 927.118
4 17 926.321
4 18 925.852
4 19 925.716
4 20 925.92
5 0 980.65
5 1 972.51
5 2 964.915
5 3 957.877
5 4 951.408
5 5 945.523
5 6 940.235
5 7 935.559
5 8 931.509
5 9 928.1
5 10 925.347
5 11 923.265
5 12 921.87
5 13 921.179
5 14 921.208
5 15 921.973
5 16 923.493
5 17 925.786
5 18 928.868
5 19 932.759
5 20 937.478
6 0 980.65
6 1 969.449
6 2 959.197
6 3 949.923
6 4 941.66
6 5 934.442
6 6 928.3
6 7 923.272
6 8 919.392
6 9 916.698
6 10 915.228
6 11 915.021
6 12 916.118
6 13 918.561
6 14 922.394
6 15 927.661
6 16 934.407
6 17 942.682
6 18 952.533
6 19 964.011
6 20 977.169
7 0 980.65
7 1 966.177
7 2 953.126
7 3 941.556
7 4 931.529
7 5 923.11
7 6 916.366
7 7 911.366
7 8 908.183
7 9 906.892
7 10 907.571
7 11 910.3
7 12 915.166
7 13 922.254
7 14 931.658
7 15 943.471
7 16 957.793
7 17 974.727
7 18 994.38
7 19 1016.86
7 20 1042.29
8 0 980.65
8 1 962.828
8 2 946.89
8 3 932.931
8 4 921.054
8 5 911.365
8 6 903.975
8 7 899.002
8 8 896.567
8 9 896.797
8 10 899.829
8 11 905.801
8 12 914.861
8 13 927.163
8 14 942.87
8 15 962.152
8 16 985.187
8 17 1012.16
8 18 1043.27
8 19 1078.73
8 20 1118.75
9 0 980.65
9 1 959.554
9 2 940.695
9 3 924.208
9 4 910.238
9 5 898.938
9 6 890.466
9 7 884.993
9 8 882.696
9 9 883.763
9 10 888.393
9 11 896.795
9 12 909.191
9 13 925.813
9 14 946.91
9 15 972.742
9 16 1003.58
9 17 1039.73
9 18 1081.49
9 19 1129.19
9 20 1183.17
10 0 980.65
10 1 956.529
10 2 934.808
10 3 915.658
10 4 899.259
10 5 885.801
10 6 875.488
10 7 868.534
10 8 865.168
10 9 865.632
10 10 870.185
10 11 879.099
10 12 892.667
10 13 911.196
10 14 935.017
10 15 964.481
10 16 999.959
10 17 1041.85
10 18 1090.57
10 19 1146.59
10 20 1210.37
11 0 980.65
11 1 953.956
11 2 929.601
11 3 907.772
11 4 888.671
11 5 872.512
11 6 859.524
11 7 849.952
11 8 844.056
11 9 842.117
11 10 844.432
11 11 851.319
11 12 863.12
11 13 880.198
11 14 902.943
11 15 931.774
11 16 967.137
11 17 1009.51
11 18 1059.41
11 19 1117.38
11 20 1184.02
12 0 980.65
12 1 952.069
12 2 925.557
12 3 901.304
12 4 879.513
12 5 860.403
12 6 844.208
12 7 831.181
12 8 821.592
12 9 815.732
12 10 813.913
12 11 816.47
12 12 823.765
12 13 836.187
12 14 854.153
12 15 878.113
12 16 908.551
12 17 945.99
12 18 990.993
12 19 1044.17
12 20 1106.17
13 0 980.65
13 1 951.114
13 2 923.252
13 3 897.241
13 4 873.271
13 5 851.548
13 6 832.296
13 7 815.753
13 8 802.18
13 9 791.856
13 10 785.086
13 11 782.196
13 12 783.542
13 13 789.507
13 14 800.508
13 15 816.992
13 16 839.449
13 17 868.407
13 18 904.438
13 19 948.165
13 20 1000.26
14 0 980.65
14 1 951.333
14 2 923.292
14 3 896.686
14 4 871.684
14 5 848.471
14 6 827.25
14 7 808.239
14 8 791.676
14 9 777.821
14 10 766.956
14 11 759.386
14 12 755.446
14 13 755.499
14 14 759.942
14 15 769.205
14 16 783.759
14 17 804.118
14 18 830.841
14 19 864.541
14 20 905.885
15 0 980.65
15 1 952.937
15 2 926.237
15 3 900.69
15 4 876.45
15 5 853.685
15 6 832.579
15 7 813.334
15 8 796.17
15 9 781.327
15 10 769.067
15 11 759.68
15 12 753.478
15 13 750.808
15 14 752.046
15 15 757.605
15 16 767.941
15 17 783.548
15 18 804.974
15 19 832.817
15 20 867.735
16 0 980.65
16 1 956.081
16 2 932.507
16 3 910.066
16 4 888.91
16 5 869.201
16 6 851.122
16 7 834.869
16 8 820.659
16 9 808.729
16 10 799.34
16 11 792.775
16 12 789.348
16 13 789.401
16 14 793.31
16 15 801.489
16 16 814.391
16 17 832.516
16 18 856.411
16 19 886.681
16 20 923.992
17 0 980.65
17 1 960.835
17 2 942.317
17 3 925.25
17 4 909.799
17 5 896.146
17 6 884.487
17 7 875.039
17 8 868.037
17 9 863.74
17 10 862.429
17 11 864.411
17 12 870.024
17 13 879.637
17 14 893.653
17 15 912.516
17 16 936.71
17 17 966.769
17 18 1003.28
17 19 1046.88
17 20 1098.28
18 0 980.65
18 1 967.179
18 2 955.64
18 3 946.222
18 4 939.125
18 5 934.571
18 6 932.796
18 7 934.061
18 8 938.646
18 9 946.858
18 10 959.027
18 11 975.517
18 12 996.721
18 13 1023.07
18 14 1055.03
18 15 1093.11
18 16 1137.86
18 17 1189.91
18 18 1249.91
18 19 1318.6
18 20 1396.76
19 0 980.65
19 1 974.996
19 2 972.203
19 3 972.513
19 4 976.183
19 5 983.494
19 6 994.746
19 7 1010.27
19 8 1030.41
19 9 1055.55
19 10 1086.11
19 11 1122.53
19 12 1165.3
19 13 1214.94
19 14 1272.02
19 15 1337.17
19 16 1411.05
19 17 1494.39
19 18 1588.01
19 19 1692.76
19 20 1809.6
20 0 980.65
20 1 984.081
20 2 991.522
20 3 1003.28
20 4 1019.69
20 5 1041.11
20 6 1067.92
20 7 1100.54
20 8 1139.42
20 9 1185.03
20 10 1237.89
20 11 1298.57
20 12 1367.68
20 13 1445.86
20 14 1533.82
20 15 1632.34
20 16 1742.25
20 17 1864.45
20 18 1999.92
20 19 2149.72
20 20 2315.02
