4 0 944.295
4 1 939.21
4 2 934.372
4 3 929.786
4 4 925.455
4 5 921.384
4 6 917.577
4 7 914.037
4 8 910.769
4 9 907.778
4 10 905.068
4 11 902.644
4 12 900.509
4 13 898.669
4 14 897.129
4 15 895.892
4 16 894.965
4 17 894.351
4 18 894.056
4 19 894.086
4 20 894.444
5 0 944.295
5 1 936.647
5 2 929.523
5 3 922.938
5 4 916.903
5 5 911.431
5 6 906.537
5 7 902.234
5 8 898.537
5 9 895.459
5 10 893.016
5 11 891.223
5 12 890.095
5 13 889.649
5 14 889.9
5 15 890.865
5 16 892.561
5 17 895.006
5 18 898.217
5 19 902.213
5 20 907.012
